,date,indices,z,fc_vol,known_vol_ss,loss_of_ss
95520,2020-01-02,[ 5 17  3 35  7 23 12 11 10  2 13 25 20 31  4 14  8 15 28  6],[[-0.039375]],"[0.48749527 0.4832874  0.48191902 0.50568396 0.55267125 0.4798012
 0.46628407 0.47810736 0.49388924 0.5412275  0.4701912  0.4622878
 0.4656033  0.49191985 0.52165794 0.4436493  0.44361675 0.45055312
 0.47650027 0.50169045 0.44506934 0.4444176  0.44775188 0.46637282
 0.4854076  0.43570966 0.43958798 0.44822213 0.46734333 0.47689968
 0.43171525 0.43676135 0.43809092 0.45321524 0.45780528 0.4380833
 0.42832577 0.4367187  0.4500299  0.45667562]","[0.487907 0.45834  0.530666 0.400597 0.493639 0.466355 0.466677 0.461128
 0.471271 0.524327 0.485054 0.420479 0.428304 0.406795 0.535745 0.497636
 0.506996 0.458639 0.456905 0.48176 ]",0.00036328291753306985
95560,2020-01-03,[16  8  9 38 26 15 30  4  6 19  0 32 29 12 24 33 10  5 39 28],[[0.01]],"[0.48831898 0.48415104 0.48231435 0.5076252  0.55731964 0.4803299
 0.4667207  0.47909433 0.4950979  0.5447594  0.47028232 0.46253562
 0.4662471  0.49290302 0.52411616 0.44345972 0.44359824 0.45084158
 0.47745502 0.5024369  0.44478256 0.44401276 0.44774967 0.46664777
 0.48663867 0.43560004 0.43912214 0.4479344  0.4675204  0.47732458
 0.43110472 0.43595684 0.43775997 0.45318547 0.4580362  0.4378588
 0.4279344  0.43639943 0.45005366 0.45681822]","[0.447753 0.505226 0.523394 0.447349 0.417004 0.462757 0.413268 0.556466
 0.479363 0.50479  0.518496 0.421347 0.48497  0.464862 0.490394 0.449254
 0.468593 0.488192 0.479597 0.455167]",0.0001967793796211481
95600,2020-01-06,[13 39 17 14  0  7 38 21 19  4 30 20 34 15 36 27 35  2 24 23],[[-0.0495]],"[0.4873257  0.48311    0.481837   0.5052872  0.5517224  0.47969222
 0.4661936  0.477905   0.4936419  0.540507   0.47017106 0.46223578
 0.46547097 0.49171823 0.5211565  0.4436862  0.44361886 0.4504929
 0.47630498 0.5015379  0.4451263  0.44449872 0.44775102 0.46631595
 0.48515576 0.4357302  0.43968078 0.4482789  0.4673064  0.476812
 0.4318377  0.43692333 0.43815693 0.45322004 0.45775717 0.43812713
 0.4284039  0.43678218 0.45002374 0.45664555]","[0.486987 0.473016 0.459786 0.494913 0.554915 0.49018  0.445841 0.437012
 0.492403 0.541731 0.41934  0.449022 0.476895 0.473445 0.407625 0.431549
 0.40963  0.540733 0.484309 0.46412 ]",0.000623124826233834
95640,2020-01-07,[28 38 34 30  2 20  0  9 37 25 33 21 27 31 19  3 36 14  5  8],[[0.42375]],"[0.49500465 0.49130407 0.48535478 0.5242988  0.59747255 0.48457715
 0.4700761  0.4873685  0.5053679  0.5754272  0.47060707 0.46422732
 0.47153938 0.5011311  0.5455059  0.4412361  0.44290572 0.45291975
 0.48559394 0.508857   0.4417915  0.44000712 0.44733146 0.4687919
 0.49713945 0.43408915 0.4343816  0.44481564 0.4688063  0.48070928
 0.4251377  0.4282817  0.4344061  0.45250946 0.4597353  0.435293
 0.4239984  0.4331092  0.44984207 0.45774582]","[0.457346 0.447086 0.4766   0.417316 0.573326 0.451683 0.597987 0.524429
 0.419397 0.429948 0.450082 0.440806 0.433571 0.413646 0.499584 0.573309
 0.406259 0.511515 0.538704 0.51619 ]",0.001454235753044486
95680,2020-01-08,[27 39  2  6 11  0 22 25  1 35 38 24 10  3  5 14 15 23 20 28],[[1.83975]],"[0.5151394  0.5148365  0.4925497  0.5853175  0.73885643 0.49699572
 0.47786275 0.515653   0.5419369  0.68795747 0.46665406 0.46552745
 0.48830134 0.52889144 0.6265838  0.42595595 0.4339889  0.45573026
 0.51493245 0.5329013  0.4246227  0.4191968  0.44110274 0.47418174
 0.534788   0.4218672  0.408186   0.42561597 0.47113544 0.48999155
 0.39473194 0.39122185 0.41607818 0.44499594 0.46250242 0.41824615
 0.4027049  0.41451624 0.44412395 0.45758572]","[0.437504 0.468852 0.637821 0.559306 0.527076 0.679576 0.456496 0.445343
 0.656978 0.412623 0.442443 0.495245 0.545087 0.639822 0.578671 0.545663
 0.490615 0.476048 0.466288 0.456905]",0.005494363605976105
95720,2020-01-09,[32  9 19  2 38 13 15  3 36 35 25 23 14 29 28 22  7 11 12 39],[[0.865]],"[0.50171036 0.49877635 0.48808172 0.5427983  0.64191735 0.4887631
 0.4730716  0.49619517 0.5165732  0.6098394  0.47012874 0.4653045
 0.47698006 0.5098689  0.56973124 0.43764865 0.44113597 0.45447254
 0.49452385 0.5160236  0.43748817 0.43458238 0.44612202 0.47077104
 0.50865394 0.4313543  0.42773238 0.44013625 0.4698237  0.48396918
 0.41716278 0.4183403  0.42972928 0.45096987 0.46108177 0.43124402
 0.41855106 0.4284297  0.44882867 0.4582164 ]","[0.424789 0.562937 0.509301 0.638005 0.437526 0.515705 0.482827 0.637621
 0.409169 0.413827 0.446276 0.479247 0.524986 0.483426 0.461976 0.459179
 0.551355 0.506184 0.504972 0.460727]",0.0022182313259691
95760,2020-01-10,[28 29  2  8 13 38 37  4  0 33 12 16 20 27 17 10 23  7 11 26],[[1.43725]],"[0.50980043 0.5082645  0.4909235  0.5675979  0.6997631  0.49373516
 0.476148   0.50763094 0.53139824 0.65579087 0.46841782 0.46573094
 0.48373505 0.5210977  0.6027679  0.4313223  0.4374096  0.45553532
 0.5064173  0.5257743  0.4304048  0.42601645 0.44350898 0.47291148
 0.52392876 0.42627704 0.4169425  0.43220893 0.47071162 0.48768392
 0.4046599  0.40312168 0.42217982 0.44783562 0.4621513  0.4241894
 0.40978655 0.420767   0.44642338 0.4580933 ]","[0.467577 0.499401 0.624177 0.554656 0.520316 0.439378 0.412506 0.669307
 0.643723 0.448809 0.498527 0.461514 0.450505 0.440569 0.470317 0.503016
 0.485762 0.539066 0.492382 0.432122]",0.0021105031482875347
95800,2020-01-13,[30 38  1 31  6 16 12 10 11 24 20 18 26 14 25 37 32 28 34 17],[[1.218]],"[0.5067762  0.5046527  0.4899177  0.558016   0.6777634  0.4918839
 0.47506768 0.5032524  0.52568805 0.6381209  0.46920115 0.46568194
 0.4811854  0.51681304 0.5899471  0.43394846 0.43901178 0.4552465
 0.5018252  0.5219814  0.43329775 0.42947853 0.44463593 0.47214314
 0.51804304 0.42840686 0.4213361  0.43547067 0.47041935 0.48632532
 0.409706   0.40922514 0.42524922 0.44917515 0.4618266  0.42710966
 0.4133484  0.42389408 0.44747776 0.45823106]","[0.416713 0.430289 0.655092 0.407913 0.546559 0.473713 0.509765 0.524429
 0.510826 0.505787 0.457503 0.497743 0.434167 0.553946 0.441276 0.403868
 0.4162   0.459058 0.462433 0.474871]",0.0019287469331175089
95840,2020-01-14,[ 2  0 20  5 13 22  3 32 35  7 15 38 26 34 18 31 10 19 30 14],[[2.56775]],"[0.52426404 0.5266123  0.49501514 0.61713207 0.8023466  0.5026205
 0.48034298 0.53006965 0.5609682  0.74314415 0.4628411  0.46459708
 0.49624026 0.5426755  0.66935813 0.4150387  0.42667875 0.45524487
 0.53046644 0.5462106  0.41317782 0.40594766 0.43600762 0.47616336
 0.55434257 0.41274834 0.39085928 0.412344   0.47172853 0.49368265
 0.37543812 0.36837348 0.40405902 0.4389721  0.46250623 0.40622365
 0.38872257 0.40210465 0.4391176  0.45604092]","[0.705693 0.733969 0.465972 0.60055  0.574333 0.475313 0.733926 0.424145
 0.414357 0.597294 0.503373 0.434333 0.443548 0.473278 0.523104 0.420187
 0.559909 0.555661 0.428294 0.616101]",0.007525687571614981
95880,2020-01-15,[13  8 31 29 12 11 23 17 37  2 19  9 32  7 21  1 28 24 38 18],[[1.96575]],"[0.5167613  0.5168819  0.493011   0.5908697  0.75060457 0.49798766
 0.47833943 0.51815826 0.54524136 0.69785666 0.46603492 0.4654031
 0.48970273 0.53130865 0.634059   0.4241562  0.43281013 0.4557134
 0.5176142  0.53517085 0.42271182 0.41696534 0.4402756  0.4745484
 0.53819007 0.42037565 0.40529513 0.4234189  0.47124702 0.49066976
 0.39148438 0.3873539  0.414068   0.44402146 0.4625546  0.4162586
 0.4003702  0.41244864 0.44332242 0.45736817]","[0.561989 0.603772 0.422419 0.495941 0.543368 0.542018 0.496232 0.495712
 0.415958 0.687033 0.540075 0.632876 0.427127 0.585043 0.465978 0.70127
 0.471299 0.518459 0.437874 0.51646 ]",0.004990669433027506
95920,2020-01-16,[31 12 10  8 21 34 17 28 35  3 22 16  1 38 29 19 36 13 39  4],[[2.18025]],"[0.5194768  0.520355   0.49375644 0.6002947  0.7699287  0.49965394
 0.47909826 0.52241474 0.5508624  0.7144211  0.46492994 0.46514544
 0.4920606  0.5353952  0.64674604 0.42099017 0.43070787 0.4556126
 0.52219015 0.53907084 0.41937634 0.41309106 0.43880495 0.47514582
 0.54397166 0.41773957 0.4002489  0.41956508 0.47142363 0.49178287
 0.38584495 0.38066053 0.4105637  0.4422871  0.46258882 0.412768
 0.39629716 0.40883592 0.44188598 0.45694405]","[0.418976 0.529494 0.542759 0.586652 0.462438 0.474473 0.488948 0.47002
 0.416144 0.692274 0.469485 0.483049 0.678405 0.440142 0.497483 0.530453
 0.411339 0.547645 0.461802 0.719829]",0.0027024552691727877
95960,2020-01-17,[30 17 34  0 19 13 12 33 10  3 37 38  7 20  8  6 36 22  9 16],[[1.58975]],"[0.5118537  0.5107624  0.4915702  0.5743     0.7148151  0.49498934
 0.4768355  0.5106733  0.53538525 0.6680478  0.46779373 0.4656937
 0.48548186 0.5240625  0.611764   0.42936522 0.43618116 0.45565718
 0.50963235 0.52845097 0.42827907 0.4234959  0.44264436 0.4734124
 0.5280382  0.42467633 0.4137206  0.42979544 0.47088686 0.48858514
 0.4009893  0.39870724 0.41993248 0.44681334 0.46231964 0.42201865
 0.4071788  0.41846952 0.4456034  0.45793724]","[0.423868 0.482732 0.475904 0.66225  0.530763 0.54083  0.518094 0.448466
 0.522862 0.650881 0.41357  0.436883 0.548111 0.463384 0.565572 0.537727
 0.410698 0.464693 0.590366 0.474925]",0.0024848543107509613
96000,2020-01-21,[36 14 10  4 30  2 27  6 13  5 23 21 12  8 19  0 25 26  1 16],[[2.63175]],"[0.5250431  0.52764475 0.49521655 0.6198782  0.8073634  0.5031081
 0.48053762 0.53132874 0.56262755 0.74771136 0.46249232 0.4645034
 0.49692166 0.54386395 0.6730348  0.41403756 0.4259929  0.45516613
 0.53183174 0.5473988  0.41214263 0.40476057 0.43553478 0.47632635
 0.55604166 0.41190454 0.38928863 0.411131   0.47178027 0.4939851
 0.37370712 0.3663366  0.40297294 0.43840876 0.4624781  0.40512478
 0.3874557  0.4009778  0.43864533 0.45587873]","[0.409754 0.620752 0.565737 0.808674 0.426235 0.690716 0.449239 0.579833
 0.568255 0.61331  0.50011  0.465971 0.544799 0.604448 0.560767 0.749832
 0.447241 0.441505 0.701374 0.489666]",0.008809796534478664
96040,2020-01-22,[17 22 28 27 38 19 21 35 23 12 36 34 37  4 15  7  3 32  1  6],[[3.975875]],"[0.54109025 0.54936755 0.49967507 0.6736194  0.88943243 0.51359147
 0.4846087  0.5572392  0.59624773 0.8291749  0.45604894 0.46338424
 0.51079404 0.5677308  0.7437669  0.39344692 0.41155255 0.4531318
 0.5599347  0.5724482  0.39117226 0.38094348 0.42590263 0.47979745
 0.59009475 0.394302   0.35713425 0.38611948 0.47338045 0.49998307
 0.33878198 0.3255308  0.38089567 0.4265902  0.46149397 0.38260624
 0.36149168 0.3778947  0.4287312  0.45225146]","[0.514611 0.49304  0.48823  0.467578 0.447105 0.569252 0.495551 0.431337
 0.513765 0.583318 0.423642 0.490388 0.423786 0.863855 0.540826 0.625207
 0.782716 0.437329 0.803067 0.653105]",0.008952660486102104
96080,2020-01-23,[16  2 30 13 28 22 26  3  9  8 37 39 25 23 10 27 34 36 18  4],[[1.8555]],"[0.5153433  0.51509243 0.49260843 0.5860118  0.7403397  0.49712038
 0.47792372 0.51596636 0.54234993 0.6892007  0.46657813 0.46551323
 0.48847723 0.52919424 0.6275185  0.42573372 0.43384403 0.45573002
 0.5152674  0.53318405 0.4243861  0.41892004 0.441001   0.47422835
 0.53521335 0.42168334 0.40782803 0.42534435 0.47114983 0.49007735
 0.39432907 0.39074147 0.41582915 0.44487616 0.46251038 0.41800058
 0.4024157  0.4142603  0.44402564 0.45755997]","[0.510761 0.677109 0.441994 0.566899 0.480313 0.48268  0.460772 0.703542
 0.638312 0.60144  0.421467 0.470899 0.469456 0.502193 0.594719 0.460472
 0.485012 0.421414 0.519544 0.754925]",0.004510775674134493
96120,2020-01-24,[10  6 31 20 35 33 37 12 38  0 14 32  4 19 18  5 23 21 24 13],[[1.73425]],"[0.5137643  0.51312    0.49214756 0.5806661  0.7288202  0.49615577
 0.4774433  0.5135529  0.53917056 0.6795924  0.46715078 0.46561193
 0.48711798 0.52685875 0.620324   0.4274228  0.4349392  0.45571753
 0.5126919  0.53101426 0.42618942 0.42103386 0.4417706  0.47386435
 0.5319387  0.4230787  0.41055676 0.4274109  0.47103554 0.48940825
 0.39740548 0.39441442 0.41772825 0.4457829  0.4624388  0.4198679
 0.40462053 0.41621056 0.4447674  0.4577478 ]","[0.590378 0.593859 0.432527 0.491345 0.427341 0.456448 0.421292 0.551106
 0.443549 0.782319 0.582756 0.4322   0.725397 0.539781 0.51857  0.647638
 0.500648 0.481418 0.522373 0.563546]",0.0070670112036168575
96160,2020-01-27,[16 30  6 15 34 33 25 10 23 36 39  3 22 12 26 20  2  0  1 24],[[3.12175]],"[0.5309362  0.53555274 0.49675176 0.640438   0.8424011  0.50685424
 0.48198324 0.5409065  0.5751924  0.78073484 0.45988205 0.46384504
 0.5020677  0.5528177  0.70040846 0.4063349  0.4206557  0.45445862
 0.54223526 0.55654514 0.404235   0.39573628 0.43189564 0.47755855
 0.5688629  0.40537444 0.3772516  0.4017986  0.4722256  0.49622664
 0.36052382 0.3508767  0.39467067 0.43403193 0.46217084 0.39668572
 0.37774476 0.3923371  0.43496796 0.4545654 ]","[0.521336 0.444037 0.621746 0.536908 0.501159 0.467782 0.470387 0.61222
 0.519467 0.424343 0.487254 0.745573 0.492887 0.577054 0.463054 0.499604
 0.704609 0.815038 0.726906 0.556944]",0.014315648004412651
96200,2020-01-28,[17 24 15 34  0 18 23  2 32  8 37 29 21 36 12 20 38 26  7 13],[[2.5986874]],"[0.52464104 0.5271114  0.49511263 0.618461   0.8047841  0.50285625
 0.4804374  0.5306785  0.5617708  0.7453588  0.46267247 0.46455175
 0.49656996 0.54325056 0.6711379  0.41455516 0.42634773 0.45520732
 0.53112656 0.5467847  0.4126776  0.40537387 0.43577927 0.47624224
 0.5551645  0.41234094 0.39010045 0.41175812 0.47175342 0.49382916
 0.37460145 0.36738876 0.40353417 0.43870017 0.46249303 0.40569288
 0.3881105  0.40156025 0.4388897  0.45596287]","[0.516715 0.549253 0.52907  0.496359 0.771132 0.540439 0.518629 0.679266
 0.438126 0.618788 0.42508  0.522768 0.490409 0.422271 0.570273 0.496345
 0.45218  0.461352 0.600056 0.589765]",0.0076765515841543674
96240,2020-01-29,[23  1 10 31  2 35  0 22 29 19 32 33  9 14 27 38  8  3 37 17],[[2.09125]],"[0.5183566  0.5189151  0.49345258 0.59639    0.7620204  0.4989655
 0.4787908  0.5206501  0.54853135 0.7075972  0.46539506 0.46525836
 0.4910864  0.53370416 0.64149106 0.42231786 0.43159357 0.45566472
 0.5202903  0.53744745 0.4207714  0.4147085  0.43942374 0.47490168
 0.541575   0.4188468  0.4023597  0.42117977 0.4713519  0.49132702
 0.3881995  0.38345182 0.4120288  0.44301724 0.4625825  0.41423097
 0.39800057 0.41034755 0.442492   0.45712766]","[0.512669 0.707015 0.607718 0.433407 0.676917 0.424328 0.7715   0.494304
 0.510241 0.552215 0.43624  0.462109 0.628339 0.60193  0.466043 0.448051
 0.607204 0.688927 0.423175 0.516641]",0.009385954588651657
96280,2020-01-30,[21 33 13  0 27 10 32 22 35  8 34 39  5  9  1 19 38 17 20 26],[[0.620125]],"[0.49804223 0.49464843 0.48663148 0.532449   0.61711836 0.48648202
 0.47148147 0.49129692 0.5103253  0.590565   0.47049463 0.46479562
 0.47398654 0.50502616 0.5561228  0.43978986 0.44224587 0.4536941
 0.4895385  0.5120066  0.44001287 0.43773338 0.44688734 0.46971083
 0.50222826 0.43301004 0.4316184  0.4429002  0.46930075 0.48220444
 0.42178574 0.42407134 0.4324596  0.45192575 0.4603933  0.43365327
 0.4217278  0.43117067 0.4494886  0.45801994]","[0.47989  0.455218 0.538797 0.572725 0.458308 0.550532 0.432988 0.483456
 0.422407 0.528943 0.47973  0.465445 0.54798  0.553666 0.538246 0.547375
 0.440867 0.502492 0.488076 0.454588]",0.0015488757053390145
96320,2020-01-31,[15 38 10 35  8 20 32 34 14 23 37 11 36 26  5 24  9 22 33  6],[[0.92775]],"[0.50262964 0.49982703 0.48842925 0.5454801  0.6482983  0.48933172
 0.47345117 0.49745014 0.51818496 0.614834   0.4699969  0.46540105
 0.47773695 0.51110685 0.5732779  0.43704212 0.44080225 0.4546395
 0.4958125  0.51706856 0.436789   0.4337215  0.44588977 0.47102803
 0.5103132  0.4308771  0.4266614  0.43936372 0.4699424  0.484404
 0.4159029  0.4167904  0.4289781  0.45068574 0.46123514 0.4305642
 0.4176781  0.42767206 0.44862196 0.45824158]","[0.525065 0.452221 0.552948 0.428475 0.547463 0.497353 0.440985 0.496851
 0.59879  0.518638 0.428645 0.54376  0.427412 0.463517 0.550687 0.551263
 0.593774 0.494896 0.466888 0.532699]",0.002157756360247731
96360,2020-02-03,[18 24 30 26 39 15  3 29  0 36 21 25  8 20 10  5 32 11 38 23],[[2.41025]],"[0.5223341  0.5240706  0.49451348 0.61032754 0.7895835  0.50141895
 0.47985268 0.5269644  0.5568715  0.7316806  0.46369788 0.4648268
 0.494553   0.5397334  0.6602321  0.4174848  0.42834532 0.45541897
 0.5271033  0.54329616 0.4157156  0.40886447 0.43716085 0.4757572
 0.55014265 0.41480508 0.3947063  0.4153094  0.47160417 0.4929256
 0.37968937 0.37338376 0.40672156 0.44034207 0.4625594  0.40891093
 0.39182565 0.40486372 0.44026437 0.4564259 ]","[0.598687 0.596134 0.458921 0.516157 0.493848 0.615219 0.747382 0.554164
 0.864525 0.455227 0.556532 0.515393 0.684954 0.570236 0.703443 0.78226
 0.474675 0.676559 0.470597 0.570274]",0.024013569578528404
96400,2020-02-04,[35 12  3 28 38  6  1 20 21 19 36 22 39 11  4 24 30 26 29 33],[[376.35974]],"[0.80993867 0.84606075 0.72005415 0.8222817  0.98560506 0.7757494
 0.689903   0.81385726 0.84811306 0.9837586  0.61845005 0.7559421
 0.70236355 0.7570019  0.9634614  0.43183067 0.46419743 0.54711694
 0.79692954 0.8184209  0.46597537 0.44759446 0.5206225  0.61613727
 0.7424292  0.42372784 0.33220208 0.39152607 0.6588962  0.59244055
 0.32533336 0.2894347  0.4074443  0.45237365 0.49584416 0.42929658
 0.3435492  0.38500023 0.46085688 0.4978751 ]","[0.584862 0.91424  1.034944 0.616777 0.524742 1.120436 1.346358 0.759946
 0.740285 0.68731  0.565853 0.695988 0.507064 1.003101 0.967029 0.646008
 0.631733 0.682035 0.593777 0.556925]",0.056164395064115524
96440,2020-02-05,[16  7 37 38 21 20  2  3 33 17 31  5 29 36 19 13 27 18  8 35],[[3.83975]],"[0.5394719  0.54716474 0.49917227 0.6685963  0.8830568  0.5124931
 0.4841644  0.5546747  0.59298    0.82225406 0.45657277 0.46337482
 0.5094211  0.5654177  0.73728377 0.39541325 0.41295174 0.45332965
 0.5571662  0.56993496 0.39315468 0.38318262 0.4268024  0.4794242
 0.58682626 0.3960031  0.36021236 0.38852128 0.47315514 0.4993876
 0.34208667 0.32937443 0.38299346 0.42773217 0.46159834 0.38475293
 0.36398128 0.38010332 0.42968407 0.45260498]","[0.757089 0.841454 0.502248 0.499239 0.695984 0.740606 0.942808 0.92016
 0.527172 0.698136 0.569527 1.036954 0.584128 0.539858 0.669099 0.77798
 0.592693 0.66852  0.814352 0.55612 ]",0.06636163592338562
