,Z_1,Z_2
0,-0.16763958,-0.7779418
1,-0.195149,-0.54633504
2,-0.02323268,-1.001592
3,0.16443972,-0.73155653
4,0.51433134,-0.07683708
5,0.45671323,-0.1435937
6,0.3027092,0.4310396
7,0.390516,0.77429545
8,0.8085057,1.4027188
9,0.770933,0.8230318
10,0.6366047,0.6326049
11,0.44227922,0.35273913
12,0.75836074,1.4619852
13,1.3666418,1.2006118
14,0.98819727,0.36005983
15,0.95754796,0.09969774
16,1.1841058,1.1175919
17,1.0822884,0.44433525
18,1.1349785,-0.39906448
19,0.4196899,-1.5573953
20,0.5113591,-1.0671933
21,2.053235,-1.1404034
22,3.9443862,-3.090606
23,3.4140542,-2.5170178
24,3.146933,-2.0967176
25,2.86651,-1.5638825
26,3.0546298,-2.37069
27,2.5690274,-2.3871622
28,2.1399925,-2.3162246
29,2.4515638,-2.7078607
30,2.0643823,-3.1268492
31,2.525321,-2.6295066
32,2.8263597,-3.0739589
33,3.0525672,-3.1751218
34,3.3207467,-3.1841276
35,3.2207613,-2.9977584
36,2.8890073,-3.1638072
37,2.8335712,-2.9231246
38,2.933877,-0.9860694
39,3.132035,-0.8521399
40,2.9550486,-1.6300913
41,3.326861,-1.3722957
42,3.2169354,-1.715743
43,3.2031693,-0.76034385
44,3.303608,-0.29945746
45,3.3930151,1.2903407
46,3.24276,-0.282143
47,3.2717576,-0.043242596
48,3.6814446,0.15231957
49,3.4626124,-0.7102264
50,3.9495451,2.8971088
51,3.9235387,3.2249496
52,4.330676,1.5507238
53,4.226796,2.2259214
54,4.273839,0.9269705
55,4.215334,-0.8599961
56,3.930464,-1.4598104
57,4.096783,-0.21414623
58,3.9633536,-1.1398758
59,3.869302,-0.69620895
60,3.6905243,-0.98397654
61,3.475319,-1.019789
62,3.6861193,-0.26167434
63,3.7044659,-1.2468419
64,3.6031005,-1.0133549
65,3.3334093,-1.2729229
66,3.2544305,-0.7624368
67,3.2982032,-1.8017353
68,3.2041104,-2.472478
69,3.6438472,-2.5149925
70,3.9013584,-1.8894808
71,4.0244584,-1.895866
72,4.0205173,-1.9100175
73,3.9150796,-2.4864259
74,3.879841,-2.498653
75,3.8289266,-2.0181189
76,3.848894,-2.2548375
77,3.8187256,-2.9813492
78,3.6726177,-3.1934013
79,3.681105,-3.1466868
80,3.4106925,-3.545043
81,3.3699546,-3.6299827
82,3.0566616,-3.2767491
83,3.126497,-1.3788327
84,3.1991515,-2.8412006
85,3.133625,-2.9467964
86,3.0835598,-3.5774698
87,2.980105,-3.7141855
88,2.9311006,-4.069391
89,3.0971668,-4.0728126
90,3.0984483,-3.7565684
91,3.0651317,-3.624347
92,3.030959,-4.1070414
93,2.8731241,-3.795504
94,2.8431542,-3.8512561
95,2.7832909,-3.763632
96,2.6703112,-4.381252
97,2.7854362,-4.3925104
98,2.5558,-4.2951927
99,2.5778577,-4.3287654
100,2.527698,-4.4887223
101,2.320399,-4.3737426
102,2.2060745,-4.661127
103,2.5266466,-4.2180557
104,2.5018413,-4.3656845
105,2.2602673,-4.521896
106,2.246199,-4.403896
107,2.2434316,-4.5893345
108,2.6575038,-4.4524546
109,2.6631038,-4.2156467
110,3.0156906,-4.2684603
111,3.0637362,-3.1390033
112,2.9293332,-3.1945949
113,3.08706,-3.5821912
114,2.9445071,-3.8988647
115,2.9616737,-3.7330184
116,2.9113448,-4.0454564
117,2.7058706,-4.1765
118,2.671207,-3.8977354
119,2.648911,-3.8951683
120,2.7599134,-3.5356796
121,2.621118,-4.021493
122,2.7697995,-3.2418592
123,3.0933678,-3.4933248
124,3.013099,-3.8596394
125,2.954074,-3.8055418
126,2.8993464,-4.0646114
127,3.7405536,-3.8748267
128,3.8776646,-3.8050592
129,3.8714182,-3.982037
130,3.9440582,-4.0159807
131,4.301129,-3.9653609
132,4.4732184,-3.9536746
133,4.496415,-4.5077863
134,4.559957,-4.198847
135,4.431982,-4.559125
136,4.2323804,-4.4787297
137,4.2905583,-4.043997
138,4.1264467,-4.2151546
139,4.030555,-4.3383517
140,3.3190534,-4.739313
141,3.3508918,-4.298718
142,3.3771691,-4.3399124
143,3.4378548,-4.010908
144,3.151422,-4.6630354
145,3.2009642,-4.4833937
146,3.2365358,-4.6643915
147,3.224368,-4.8884873
148,3.1215405,-5.087639
149,3.143269,-4.88814
150,3.007826,-5.0309987
151,3.0424993,-4.7889376
152,3.0375016,-4.836501
153,3.0348127,-4.6898417
154,3.3641024,-4.675544
155,3.28298,-4.870772
156,3.262235,-4.7039433
157,3.2446847,-4.854334
158,3.2580037,-4.641951
159,3.1561055,-4.303749
160,3.214187,-4.048429
161,3.4010262,-3.460651
162,3.4691262,-4.1392965
163,3.4923432,-3.9917612
164,3.4640527,-4.002598
165,3.7975936,-3.737543
166,3.9107175,-3.7503724
167,4.179036,-3.5872545
168,4.443309,-3.7239826
169,4.524489,-3.937344
170,4.487243,-3.7303667
171,4.500149,-3.3083313
172,4.3342524,-3.035552
173,4.3212924,-3.2869074
174,4.20703,-4.0161843
175,4.1415715,-4.2312946
176,4.268848,-4.4247394
177,4.487966,-3.8197193
178,4.489437,-3.727058
179,4.46966,-4.2263646
180,4.524296,-3.813159
181,4.4422956,-4.126193
182,4.3306684,-4.134643
183,4.0568314,-4.5141892
184,4.0272493,-4.280681
185,3.8770518,-4.754717
186,3.7689364,-4.801607
187,3.7690055,-4.8425536
188,3.7787974,-4.608345
189,3.7868876,-4.8093095
190,3.8743289,-4.6509304
191,3.5689511,-4.9493136
192,3.570188,-4.5971446
193,3.3514435,-4.9044056
194,3.414764,-4.8523493
195,3.1151278,-4.9046946
196,3.0635872,-4.805643
197,3.1277819,-4.5573235
198,3.2379117,-4.360601
199,3.2248352,-4.177213
200,3.1362953,-4.314502
201,3.1624506,-3.9903812
202,3.140782,-4.1880608
203,2.9818008,-4.1919475
204,2.561638,-4.554786
205,2.283545,-4.950509
206,2.5348513,-4.3289475
207,2.376223,-4.735468
208,2.5708413,-3.6663084
209,2.4579332,-3.6378257
210,2.6297178,-3.031131
211,2.6556876,-3.2719452
212,2.5634618,-3.9598002
213,2.1736438,-4.3666034
214,2.178862,-4.4885745
215,2.097045,-4.5750365
216,2.324827,-3.41009
217,2.311137,-4.383102
218,2.0509722,-4.6727033
219,2.159318,-4.2295136
220,2.2172475,-3.8942447
221,2.1665947,-4.296229
222,2.7584379,-4.5044794
223,3.1661088,-4.027587
224,3.2272964,-4.732276
225,3.011817,-4.763533
226,3.106696,-4.919073
227,3.300441,-4.6555324
228,3.1840851,-4.9988966
229,3.435852,-4.5306063
230,3.7204902,-4.5449347
231,3.6482213,-3.8450487
232,3.3820195,-4.5098553
233,3.270162,-4.322305
234,3.282406,-3.8072848
235,3.3587065,-3.644037
236,3.7155879,-3.0532293
237,3.9148133,-2.7590368
238,3.732492,-3.2300494
239,3.5966554,-3.381208
240,3.4849846,-3.2778387
241,3.3037415,-2.910535
242,3.2111137,-2.6400397
243,3.195944,-2.4895627
244,0.937989,-4.801705
245,2.6305838,-3.73843
246,2.641618,-2.3486009
247,2.5133703,-2.5379791
248,2.3535094,-3.4155777
249,2.517545,-4.2478943
250,2.3459322,-4.4346585
251,2.543556,-4.5281463
252,2.8494854,-4.391088
253,3.0519536,-4.5753403
254,2.771241,-4.8486075
255,3.0784361,-4.990402
256,3.2294185,-4.7393036
257,3.6833014,-4.4106193
258,3.6283803,-4.850496
259,3.7495608,-4.5569863
260,3.5936117,-4.7975197
261,3.5332453,-4.8215375
262,3.53824,-4.649265
263,3.3675687,-4.8121343
264,3.294321,-4.651154
265,3.1299202,-5.004883
266,3.2078578,-4.4333234
267,3.649869,-4.2962847
268,3.4915948,-4.8221664
269,3.3819442,-5.3209105
270,3.1212537,-5.2035336
271,3.27218,-4.8344197
272,3.2595456,-4.6293435
273,2.8922439,-5.4758835
274,2.8667524,-5.2736855
275,2.5222802,-5.5094457
276,2.6487532,-4.8461723
277,2.6058562,-5.0850525
278,2.6580136,-4.8012085
279,2.7494323,-4.951156
280,2.567877,-4.953599
281,2.5833063,-4.800033
282,2.6151752,-4.533451
283,2.755615,-4.234329
284,2.6243544,-4.923862
285,2.4861715,-4.958534
286,2.9128273,-4.0136313
287,2.8215942,-4.2080474
288,2.7883337,-4.3398604
289,3.1955023,-2.422627
290,3.0979366,-2.6171312
291,2.6295877,-4.683795
292,2.7726035,-4.0382857
293,3.0053442,-3.5320365
294,3.0758557,-3.3611863
295,3.2824671,-3.358743
296,3.4840097,-2.756698
297,3.258911,-3.9119685
298,3.3807209,-3.886155
299,3.3479617,-4.191346
300,3.175768,-4.6553993
301,3.0649421,-4.8577285
302,3.162225,-4.556299
303,3.027835,-4.8688626
304,3.3909032,-3.9662228
305,3.1659772,-4.3353834
306,3.0911622,-3.7269487
307,2.5467005,-4.453523
308,2.8915746,-3.5522468
309,2.7029107,-3.7030401
310,2.6598594,-4.069109
311,2.7263296,-3.8694696
312,2.5747998,-4.2747808
313,2.5549994,-4.140118
314,2.2910616,-4.257715
315,2.3587487,-4.425905
316,2.186837,-4.7353306
317,2.3208966,-4.2846923
318,2.06066,-4.7325306
319,1.9871013,-4.7464128
320,2.1190333,-4.7302985
321,2.3025827,-4.585068
322,2.3776438,-4.6643558
323,2.3497272,-4.708498
324,2.3210766,-4.4831524
325,2.445616,-4.6035905
326,2.584315,-4.2692757
327,2.2385657,-4.745207
328,2.3724601,-4.6173654
329,2.1341586,-4.465966
330,2.165368,-4.708159
331,1.776402,-4.688621
332,1.767607,-4.32799
333,1.6813388,-4.2995443
334,1.5921016,-4.453395
335,1.5725386,-4.517353
336,1.870706,-3.8520052
337,1.7910827,-4.008767
338,1.8216231,-3.7691817
339,1.5721383,-3.535809
340,1.8622222,-2.7465005
341,1.8951608,-2.2595704
342,2.201972,-1.7948874
343,2.155965,-2.1378376
344,1.7883313,-2.6805313
345,1.6210834,-2.86877
346,1.461816,-1.3492578
347,1.3881584,-2.4038317
348,1.2531147,-2.0671513
349,1.1660966,-1.932572
350,1.0211449,-1.6068046
351,1.0392045,-3.1064205
352,1.0886297,-3.662423
353,1.0044789,-3.7931783
354,1.0765423,-3.1266415
355,1.0955869,-3.3553605
356,1.1385758,-3.1786587
357,1.4284592,-2.5173268
358,1.1713256,-2.9464011
359,1.4410316,-2.829564
360,1.4746462,-2.752446
361,1.5346602,-2.88075
362,1.3959435,-3.4768393
363,1.2061722,-3.3967025
364,1.183743,-4.025709
365,1.2256763,-2.9905236
366,1.0170263,-2.6220534
367,0.87698615,-1.9477799
368,1.0564501,-0.905056
369,1.0415044,-1.2519507
370,0.98873395,-2.4621456
371,1.288583,-2.540896
372,1.6622169,-3.7749147
373,1.697113,-2.6426146
374,1.6571097,-3.1535215
375,1.5444146,-2.6634765
376,1.7177874,-1.8831561
377,1.5817343,-2.3117929
378,1.4253358,-1.9717271
379,1.5293386,-1.1109525
380,1.4501523,-0.7474523
381,1.549254,-0.23476344
382,1.3132157,-1.7607208
383,1.4367375,-2.969022
384,1.370282,-2.7574458
385,1.3487216,-2.4511878
386,1.103492,-2.4765077
387,1.0796189,-1.7659492
388,1.1175542,-2.1418056
389,0.99803805,-1.7704295
390,0.91166097,-2.285988
391,0.8878761,-2.3088899
392,0.87077755,-2.2217364
393,1.003795,-2.2083693
394,0.68879086,-3.2673564
395,0.5549813,-2.8665938
396,0.8123034,-3.3446958
397,0.8508538,-3.6064045
398,1.051265,-2.5296981
399,0.93373054,-3.558282
400,0.89541405,-3.6896234
401,0.80594254,-3.9822423
402,0.56813747,-3.8814094
403,0.57538176,-3.8694482
404,0.45485064,-4.1951103
405,0.42422223,-3.7160492
406,0.42973065,-3.7009535
407,0.43137616,-3.9645095
408,0.60002434,-3.6529663
409,0.7790589,-2.7225761
410,0.68848634,-3.4247313
411,0.7678616,-3.6483746
412,0.5929048,-3.5779057
413,0.47387034,-3.4923677
414,0.50583744,-3.7197778
415,0.45609188,-3.552513
416,0.4737503,-3.4625793
417,0.29061443,-3.4639535
418,0.08101759,-3.0354047
419,-0.092350416,-2.6486638
420,0.086153015,-2.4751313
421,0.010183881,-2.520328
422,-0.11285072,-2.4255128
423,-0.028198477,-2.4606316
424,0.035926174,-1.7793378
425,-0.069356225,-1.836028
426,0.05673662,-1.5872004
427,-0.123201944,-1.6359403
428,-0.27773967,-0.6660666
429,-0.4714211,-0.6616091
430,-0.44852853,-0.5324081
431,-0.46764535,-0.3493732
432,0.042461574,-0.5335014
433,-0.21592182,-0.07379061
434,-0.5793625,-0.21125855
435,-0.5679591,0.16425796
436,-0.544782,0.10057181
437,-0.23857789,0.47184238
438,0.06283391,1.0934616
439,0.054532096,0.6619805
440,0.14562246,1.862347
441,0.097802915,0.90415615
442,0.120990254,0.8229309
443,0.26483095,1.5886053
444,0.22919263,1.1108582
445,0.15288244,0.13719653
446,0.0683355,0.3802067
447,-0.025447488,0.6542684
448,-0.14179908,1.0164671
449,-0.3562376,0.16924472
450,-0.54367423,0.109906755
451,-0.79078335,-0.3155953
452,-0.699227,-0.16774371
453,-0.796377,-0.5548563
454,-0.8845497,-0.9771609
455,-0.802268,-0.27952433
456,-0.7790006,-0.41835874
457,0.5506735,-1.913413
458,0.78218806,-1.1248994
459,0.8821836,-1.5262513
460,1.1156192,-0.76339215
461,1.2948598,-0.35055116
462,1.5593725,-1.0145603
463,1.9441236,-1.8756884
464,2.3495803,-2.4367454
465,2.5681763,-3.2533655
466,2.1960266,-3.2326796
467,2.016792,-3.5959997
468,2.6392908,-3.2494218
469,2.6398928,-2.2679133
470,2.2484617,-3.3374498
471,2.111464,-3.2999048
472,2.2307737,-3.0506003
473,2.1582396,-3.2310352
474,2.1159296,-2.7846034
475,2.1039488,-2.8313725
476,2.2583447,-3.9507928
477,2.6857746,-3.7109914
478,2.8355758,-3.8811326
479,2.4804647,-4.057002
480,2.8826063,-2.1267734
481,2.3518012,-3.8216605
482,2.5123904,-3.3475082
483,2.7872436,-2.604903
484,2.6247113,-3.4887362
485,2.9556558,-3.3949268
486,2.8215017,-3.7843904
487,2.4560502,-4.2684984
488,2.506736,-4.137424
489,2.5949929,-3.7442932
490,2.1594691,-3.9995759
491,2.2256522,-3.2874966
492,2.1989722,-4.158649
493,2.187885,-4.235129
494,2.5040863,-3.279866
495,2.2368352,-1.0071429
496,2.2892792,-1.9802781
497,1.9830424,-4.2497654
498,2.192514,-4.2474303
499,2.3155253,-3.8015766
500,2.351651,-4.4590163
501,2.285563,-4.408099
502,2.2506518,-4.1566563
503,2.1087873,-4.2920303
504,2.0610485,-4.2406774
