,Z_1
0,-1.2000083
1,-1.1783519
2,-1.1031435
3,-0.90245265
4,-0.47027573
5,-0.54679406
6,-0.58909184
7,-0.4693452
8,0.113225006
9,-0.037887715
10,-0.22305474
11,-0.458892
12,0.09968352
13,0.7469067
14,0.14801633
15,0.05745836
16,0.55115014
17,0.29514182
18,0.16791902
19,-0.7190684
20,-0.5080699
21,1.1637101
22,2.6964664
23,2.384034
24,2.1921537
25,1.9870992
26,2.0870898
27,1.6222984
28,1.1954654
29,1.4645773
30,0.9975725
31,1.5683682
32,1.8414143
33,2.058238
34,2.3025215
35,2.2471135
36,1.9215739
37,1.9067922
38,2.1765032
39,2.3298993
40,2.129588
41,2.4525895
42,2.3482091
43,2.4188216
44,2.5340087
45,2.7087705
46,2.5009086
47,2.5422745
48,2.7585132
49,2.5627925
50,2.9234848
51,2.9281702
52,2.95044
53,2.9488258
54,2.9366417
55,2.8988364
56,2.793644
57,2.88318
58,2.8157938
59,2.8040748
60,2.7188692
61,2.6113613
62,2.7551134
63,2.7177155
64,2.6854537
65,2.5232599
66,2.5239897
67,2.4664705
68,2.3389945
69,2.6155343
70,2.7719464
71,2.814758
72,2.813513
73,2.7530377
74,2.7391653
75,2.7349513
76,2.736878
77,2.6938474
78,2.6114423
79,2.6120737
80,2.4284894
81,2.3878486
82,2.1875331
83,2.3781607
84,2.3271537
85,2.2872076
86,2.203621
87,2.115841
88,2.0482361
89,2.1901982
90,2.2114844
91,2.192795
92,2.1265504
93,2.030191
94,1.9989625
95,1.9627196
96,1.7842894
97,1.8921005
98,1.6885649
99,1.7005771
100,1.6264493
101,1.4218103
102,1.2453442
103,1.6085261
104,1.6000795
105,1.3100818
106,1.296738
107,1.2655271
108,1.7191125
109,1.7578062
110,2.09414
111,2.2069418
112,2.0932992
113,2.190863
114,2.0453944
115,2.0856571
116,2.0070124
117,1.8191583
118,1.8180139
119,1.7969735
120,1.9211116
121,1.7218621
122,1.9465669
123,2.1905632
124,2.0971959
125,2.0667708
126,2.0231767
127,2.6378047
128,2.7139342
129,2.7119122
130,2.7455008
131,2.8739622
132,2.915572
133,2.9184687
134,2.9316885
135,2.9037924
136,2.8483322
137,2.8676996
138,2.808608
139,2.766798
140,2.382579
141,2.4107416
142,2.4344494
143,2.4971795
144,2.285587
145,2.3247104
146,2.3346636
147,2.32412
148,2.252405
149,2.274916
150,2.1622212
151,2.1917837
152,2.1751697
153,2.1783624
154,2.4075658
155,2.349888
156,2.3511968
157,2.2999127
158,2.3198283
159,2.2606204
160,2.29951
161,2.4578338
162,2.465138
163,2.4930472
164,2.4714618
165,2.6695201
166,2.7200997
167,2.8353388
168,2.9071646
169,2.923932
170,2.9174542
171,2.923285
172,2.8887343
173,2.8892062
174,2.8448286
175,2.8194869
176,2.860871
177,2.9181042
178,2.9186146
179,2.9099905
180,2.9245796
181,2.9056013
182,2.8780637
183,2.7842183
184,2.7737179
185,2.7072563
186,2.6536968
187,2.6548948
188,2.661846
189,2.6673598
190,2.7115266
191,2.5509248
192,2.5458772
193,2.406276
194,2.4522188
195,2.2291372
196,2.185345
197,2.2393212
198,2.320198
199,2.3151462
200,2.2346742
201,2.2969873
202,2.2609572
203,2.1135466
204,1.7494761
205,1.4121599
206,1.7266116
207,1.5255042
208,1.8341866
209,1.7256135
210,1.9281785
211,1.8963869
212,1.7612548
213,1.3351207
214,1.3517302
215,1.2733591
216,1.6764842
217,1.4985403
218,1.1754434
219,1.3431387
220,1.447018
221,1.3380016
222,1.918555
223,2.298842
224,2.2903507
225,2.116474
226,2.1783423
227,2.3450034
228,2.2468388
229,2.408297
230,2.5911012
231,2.5701559
232,2.3713596
233,2.2978578
234,2.3220701
235,2.367124
236,2.629431
237,2.740023
238,2.6229217
239,2.534329
240,2.4805696
241,2.3838117
242,2.3435688
243,2.3290071
244,-0.64494866
245,1.6913242
246,1.9159077
247,1.8032441
248,1.4780893
249,1.5687755
250,1.3918012
251,1.6325235
252,1.9438107
253,2.1557472
254,1.9119259
255,2.2236571
256,2.3121836
257,2.6126542
258,2.5917118
259,2.652762
260,2.5750146
261,2.5389292
262,2.544345
263,2.4516397
264,2.418406
265,2.298352
266,2.3646655
267,2.625847
268,2.5391812
269,2.4806821
270,2.3308437
271,2.4381044
272,2.443626
273,2.188773
274,2.153601
275,1.837771
276,1.9683428
277,1.888386
278,1.950268
279,2.0145006
280,1.8405343
281,1.8668756
282,1.8966506
283,2.0951796
284,1.8908389
285,1.7712704
286,2.1881647
287,2.0806465
288,2.0738924
289,2.455683
290,2.4064138
291,1.8904407
292,2.0538995
293,2.2322416
294,2.277892
295,2.4211805
296,2.5656033
297,2.3981802
298,2.4769154
299,2.4587848
300,2.329169
301,2.2582123
302,2.3356235
303,2.2241054
304,2.483577
305,2.334254
306,2.310775
307,1.7637993
308,2.1305695
309,1.9451506
310,1.8386301
311,1.9223174
312,1.7674109
313,1.8074244
314,1.5249028
315,1.5725983
316,1.3557355
317,1.5545037
318,1.2224188
319,1.1482985
320,1.296811
321,1.5128565
322,1.5759491
323,1.55244
324,1.5538418
325,1.6527054
326,1.8200089
327,1.4245708
328,1.5630138
329,1.3466206
330,1.3331285
331,0.90822166
332,0.954266
333,0.80603343
334,0.685436
335,0.61175764
336,1.0642328
337,0.95113546
338,1.0129552
339,0.79430515
340,1.1881082
341,1.2798475
342,1.6107088
343,1.5037994
344,1.0728335
345,0.80421305
346,0.888012
347,0.56341136
348,0.51837814
349,0.41923466
350,0.3339925
351,0.051608037
352,0.025477776
353,-0.105805986
354,0.14331767
355,0.10563191
356,0.19271117
357,0.62143517
358,0.2529616
359,0.59761614
360,0.65836823
361,0.7079456
362,0.4462647
363,0.2565989
364,0.07513207
365,0.34339535
366,0.17565355
367,0.16188529
368,0.57838416
369,0.491382
370,0.18751271
371,0.52681035
372,0.7178992
373,0.96791625
374,0.82644755
375,0.79042983
376,1.1116782
377,0.89131886
378,0.7723196
379,1.0294193
380,0.9722773
381,1.193042
382,0.665843
383,0.60995966
384,0.5528248
385,0.5813814
386,0.2707912
387,0.37346578
388,0.30695984
389,0.27576044
390,0.062453985
391,0.031245423
392,0.034524955
393,0.20130166
394,-0.3512944
395,-0.3738798
396,-0.21342386
397,-0.1919691
398,0.30753243
399,-0.06471481
400,-0.11528851
401,-0.28926003
402,-0.52454686
403,-0.49655402
404,-0.7248297
405,-0.6209921
406,-0.6306165
407,-0.7067797
408,-0.46003848
409,-0.0843013
410,-0.34785908
411,-0.33057618
412,-0.48610935
413,-0.56218004
414,-0.58338225
415,-0.5966121
416,-0.59135914
417,-0.7686095
418,-0.97859603
419,-1.1026646
420,-0.899262
421,-0.98394376
422,-1.0846038
423,-1.0200298
424,-0.8152159
425,-0.96653783
426,-0.8327903
427,-1.0229572
428,-1.0255193
429,-1.1920274
430,-1.1616023
431,-1.1340196
432,-0.72840005
433,-0.85914165
434,-1.2333573
435,-1.169995
436,-1.1705241
437,-0.81905395
438,-0.40615866
439,-0.46821225
440,-0.13774496
441,-0.38590923
442,-0.37585738
443,-0.056295402
444,-0.1937917
445,-0.44139245
446,-0.4821892
447,-0.5284539
448,-0.59291416
449,-0.9518036
450,-1.1314319
451,-1.3974688
452,-1.3062211
453,-1.4803731
454,-1.6155127
455,-1.4459376
456,-1.4506959
457,-0.44497633
458,-0.02346021
459,-0.01680145
460,0.36831462
461,0.6372886
462,0.76789093
463,1.1319468
464,1.5715787
465,1.7305667
466,1.3193778
467,1.0714225
468,1.765326
469,1.9351374
470,1.4035904
471,1.23798
472,1.4176987
473,1.3262444
474,1.3141814
475,1.283973
476,1.325133
477,1.8460499
478,1.9667875
479,1.601901
480,2.1681163
481,1.4799588
482,1.6746811
483,2.0188904
484,1.752734
485,2.0792298
486,1.9490745
487,1.5396706
488,1.6265494
489,1.7599974
490,1.3010508
491,1.4663957
492,1.2814704
493,1.2490352
494,1.7280856
495,1.8211808
496,1.7045132
497,1.0143839
498,1.276204
499,1.5018976
500,1.4279251
501,1.3553402
502,1.3609227
503,1.1725837
504,1.1225145
