,Z_1,Z_2,Z_3
0,1.2884965,2.7331426,2.1628914
1,1.1283147,2.7123213,2.0643482
2,1.287895,2.722033,2.1066096
3,0.90614146,2.7077098,1.8868033
4,0.03408905,2.6375892,1.3680891
5,0.1341986,2.687904,1.4278393
6,-0.1655077,2.6953,1.3304799
7,-0.5691092,2.7208586,1.0775645
8,-1.3853374,2.539258,0.5691434
9,-0.9206473,2.5879376,0.82902396
10,-0.6490681,2.6377792,0.99839586
11,-0.21013024,2.6654835,1.2851871
12,-1.3964872,2.5085816,0.57264423
13,-1.7133121,2.2882938,0.243187
14,-0.74102354,2.4738932,0.9006581
15,-0.5040039,2.4947026,1.0250157
16,-1.422415,2.28784,0.5271435
17,-0.7908985,2.3751385,0.9178228
18,-0.18070671,2.4282866,1.2251015
19,1.5652344,2.4673023,2.2961144
20,1.1576045,2.3955035,2.0957108
21,-0.2216475,1.944501,1.1747681
22,-0.5251753,0.13898125,0.43637446
23,-0.36754727,0.91177803,0.82394356
24,-0.49922138,1.2275879,0.76578957
25,-0.63952845,1.4682415,0.8084833
26,-0.10260753,1.2689606,1.0175958
27,0.55097157,1.4858598,1.4984921
28,1.0365218,1.5527998,1.8798492
29,1.0364122,1.4759113,1.7718872
30,1.8695915,1.5362134,2.3112667
31,0.9092012,1.3766317,1.7256284
32,1.0182064,1.2443538,1.6711466
33,0.97921073,0.9492838,1.6685743
34,0.72882473,0.68592584,1.5312299
35,0.68071866,0.6896493,1.5718895
36,1.2799356,0.94051653,1.913391
37,1.131362,0.88203025,1.8720671
38,-0.7878945,0.9858579,0.9412235
39,-1.154393,1.0348867,0.6846738
40,-0.23303941,0.9584121,1.2247187
41,-0.8393102,0.5360535,0.92803866
42,-0.36688006,0.5744485,1.2012135
43,-1.1566029,0.6257663,0.8382435
44,-1.5274508,0.39074332,0.6735163
45,-2.5456374,0.3219495,-0.02121744
46,-1.3663552,0.46729603,0.7913776
47,-1.5437119,0.37183768,0.7361558
48,-2.1107316,0.07418891,0.3531818
49,-1.4497094,0.67676663,0.65937275
50,-3.5371618,-0.5915461,-1.3203756
51,-3.616762,-0.55298233,-1.4638017
52,-3.1954534,-1.1679555,-0.6693845
53,-3.3624763,-1.097078,-0.9316707
54,-2.9246404,-1.0795587,-0.24771325
55,-1.8960702,-0.86610776,0.620226
56,-1.1982603,-0.37719408,0.8824826
57,-2.3010623,-0.6724732,0.19662477
58,-1.5112462,-0.32410902,0.7293307
59,-1.7118468,-0.311125,0.6558322
60,-1.2613473,-0.03381084,0.8839571
61,-0.932718,0.13966382,1.0684289
62,-1.762445,-0.16568619,0.63595384
63,-1.0364225,-0.107459836,1.0199767
64,-1.0923216,-0.05136442,1.0149674
65,-0.5958169,0.28623432,1.214074
66,-0.9027645,0.16189048,1.0610738
67,-0.07087281,0.23882562,1.4009669
68,0.6052727,0.34758383,1.6740216
69,-0.07050043,0.07521932,1.2096274
70,-1.071527,-0.30785537,0.7747587
71,-1.2054067,-0.4605055,0.7081191
72,-1.1706028,-0.492426,0.7522007
73,-0.4607591,-0.3292117,1.0720929
74,-0.39727682,-0.28358606,1.0885993
75,-0.7093032,-0.17054686,1.005106
76,-0.52560693,-0.25723487,1.0724316
77,0.28404117,-0.29157132,1.3910673
78,0.7451879,-0.23810744,1.6154474
79,0.62014735,-0.13242352,1.5361506
80,1.4197094,-0.035684016,1.9312483
81,1.452246,0.1425815,1.8782381
82,1.6250226,0.13058063,2.1795728
83,-0.20027247,0.25757024,1.4235448
84,1.0811257,-0.020735195,1.9447675
85,1.3023174,-0.1623834,2.0578866
86,1.9673009,-0.15840796,2.331942
87,2.2156076,-0.14427173,2.4721777
88,2.552254,-0.056801893,2.6280901
89,2.431507,-0.23482424,2.5422328
90,2.1204147,-0.15643954,2.4056375
91,2.0191898,-0.07350374,2.3515847
92,2.520733,-0.11543438,2.6007125
93,2.361042,-0.06490874,2.5692413
94,2.4140465,-0.0026563732,2.5809999
95,2.3841357,0.021940045,2.5813203
96,3.0090437,0.07599855,2.940315
97,2.8917627,0.052283205,2.8097208
98,3.0164452,0.07861835,2.985793
99,3.0015588,0.10221694,2.956872
100,3.1690342,0.14620602,3.0704699
101,3.1861627,0.25066388,3.1210592
102,3.4391778,0.36765602,3.3007355
103,2.8890636,0.3223916,2.8619912
104,3.0579998,0.19234037,2.9756181
105,3.2807338,0.4293516,3.1463983
106,3.225399,0.35923123,3.1481206
107,3.3376403,0.42715207,3.206257
108,2.9349813,0.33918455,2.7872708
109,2.7957234,0.11569532,2.7705476
110,2.5787802,-0.06726922,2.5432482
111,1.4405665,-0.07788107,2.0665233
112,1.6229029,0.14647183,2.1427255
113,1.8593435,-0.07400535,2.2230942
114,2.2527187,0.11439968,2.3744633
115,2.1292043,-0.06390069,2.3560414
116,2.459587,0.0045072027,2.5157282
117,2.7593582,0.10490325,2.7227128
118,2.5131798,0.12640616,2.5726483
119,2.5050292,0.13287881,2.5662236
120,2.0758018,0.09152657,2.3342268
121,2.5893254,0.34871924,2.5939674
122,1.7715294,0.20893168,2.1852465
123,1.6050768,0.20463774,1.9787225
124,2.0866563,0.2628883,2.2070398
125,2.0883586,0.26675054,2.2163668
126,2.4609346,0.14238152,2.4466689
127,1.4035599,-0.39866942,1.7404419
128,1.2120526,-0.74755585,1.6755892
129,1.5354495,-1.016733,1.8276486
130,1.4854164,-1.0158072,1.7792443
131,0.9029893,-1.6050326,1.4793124
132,0.4421812,-1.567547,1.0180008
133,1.205725,-1.7166151,1.0716852
134,0.69532347,-1.9536237,1.0396116
135,1.5017965,-1.7330611,1.3495644
136,1.7141261,-1.3629413,1.6541966
137,0.9725976,-1.326142,1.4241691
138,1.3940649,-0.97280097,1.570735
139,1.6180282,-0.6398229,1.6113344
140,2.9240348,-0.47818595,2.6153655
141,2.4857326,-0.57912594,2.438657
142,2.5098538,-0.67290854,2.4402306
143,2.1462777,-0.80312,2.2907743
144,3.068918,-0.7485555,2.8468547
145,2.8637233,-0.8217367,2.719978
146,2.9968083,-0.70829046,2.7689857
147,3.23049,-0.76555955,2.9260411
148,3.4797227,-0.743814,3.1332078
149,3.3149405,-0.87769693,3.0432808
150,3.4822614,-0.68091947,3.1752539
151,3.2408283,-0.6305182,2.9996886
152,3.2728844,-0.5423824,3.0037935
153,3.1355617,-0.5038597,2.905294
154,2.8105216,-0.67738307,2.5692596
155,3.087151,-0.627581,2.742358
156,2.965398,-0.7151738,2.7000449
157,3.0233495,-0.31317103,2.6672506
158,2.815324,-0.39885825,2.5846462
159,2.5758557,-0.40805864,2.5227966
160,2.2109673,-0.24891931,2.3193614
161,1.4270139,-0.35456645,1.9823239
162,2.0582714,-0.30441302,2.1484911
163,1.9270799,-0.5001848,2.1284366
164,1.9373977,-0.35709,2.143482
165,1.1905673,-0.53574944,1.7540935
166,1.0154724,-0.59340805,1.6062269
167,0.38699576,-0.8802054,1.2540002
168,0.09157853,-1.4729234,0.9661342
169,0.32416588,-1.78165,1.0288979
170,0.13621491,-1.6263905,1.0362744
171,-0.43240267,-1.6500454,0.9323701
172,-0.5263465,-0.98795533,0.8812657
173,-0.08856532,-1.3136927,1.1843096
174,1.0553329,-1.2937362,1.4929957
175,1.4032404,-1.1472378,1.5985109
176,1.5439582,-1.4232627,1.5876383
177,0.31256917,-1.6702586,1.2337718
178,0.19202593,-1.6495867,1.2049991
179,0.91308635,-1.6485611,1.24056
180,0.19945842,-1.6915387,1.1153332
181,0.8169523,-1.5254962,1.2465353
182,1.000591,-1.350058,1.3911159
183,1.9534609,-1.1405338,1.853451
184,1.7052317,-1.0469555,1.8512019
185,2.5110242,-1.0550328,2.1954775
186,2.6463976,-0.8733204,2.2684703
187,2.7233295,-0.93611455,2.3304965
188,2.5012121,-1.1883862,2.320101
189,2.6988573,-1.0476426,2.3529928
190,2.4763567,-1.2866687,2.2642539
191,2.9926503,-0.7549078,2.5434027
192,2.5953963,-0.6973003,2.3791168
193,3.0477247,-0.45665002,2.6230824
194,2.9718595,-0.6020668,2.5875843
195,3.1834698,-0.26757836,2.7892451
196,3.0947325,-0.1890159,2.7358124
197,2.7943268,-0.20167503,2.5488234
198,2.494113,-0.22199345,2.3684194
199,2.3064284,-0.16469249,2.2998626
200,2.5356326,-0.17999429,2.4581716
201,2.165843,-0.11832337,2.264018
202,2.3793476,-0.040236417,2.354556
203,2.448151,0.17059845,2.3823647
204,3.1316054,0.21055916,2.9161396
205,3.5920773,0.34546474,3.3231726
206,2.9891372,0.19964686,2.8684258
207,3.4213576,0.2013056,3.2125485
208,2.348736,0.22414106,2.4744475
209,2.4416368,0.21727964,2.5609665
210,1.8381164,0.012940837,2.2574646
211,1.9952476,0.066112794,2.3289232
212,2.688152,0.105457194,2.7148194
213,3.2026575,0.3767124,3.068614
214,3.3100045,0.33012417,3.145694
215,3.4274726,0.264539,3.2499557
216,2.4443204,-0.1385661,2.5681965
217,3.181324,0.1278109,3.0257366
218,3.457639,0.4263992,3.2489884
219,3.0817478,0.40681762,2.9573796
220,2.7922866,0.33013746,2.7671788
221,3.122508,0.37704593,2.9749515
222,2.928557,0.11906014,2.7199306
223,2.210953,-0.24708211,2.3016746
224,2.8299968,-0.10300455,2.525469
225,3.0125213,-0.022351785,2.7046318
226,3.1317902,-0.047776513,2.7791893
227,2.725483,-0.21140179,2.4877386
228,3.1176548,-0.08104654,2.6736145
229,2.3302073,0.053170532,2.1510332
230,2.053465,-0.1237646,1.8399625
231,1.310256,0.02030252,1.7093135
232,2.3365903,0.14112994,2.1394455
233,2.2598183,0.22418362,2.209122
234,1.6715436,0.31442663,1.9962524
235,1.366235,0.40298116,1.8406678
236,0.25959927,0.20704603,1.3745935
237,-0.39984697,0.12166586,1.0514596
238,0.3966979,0.2905158,1.3871198
239,0.7447176,0.40703696,1.5295331
240,0.8169876,0.41634187,1.642588
241,0.63855803,0.6015287,1.6196485
242,0.48717362,0.69674087,1.579096
243,0.29717714,0.70722175,1.4721674
244,3.5225353,2.1597898,3.2739577
245,2.2403135,0.72317934,2.4537938
246,0.88449943,0.5976302,1.8908106
247,1.2521582,0.40402833,2.111679
248,2.223405,0.5590089,2.5899532
249,2.8787444,0.23986343,2.9260762
250,3.1622033,0.24213892,3.1269493
251,3.1383553,0.10766978,3.0143168
252,2.8697193,-0.2596849,2.8423123
253,2.9333715,-0.4796248,2.7775874
254,3.3349729,-0.27357432,3.0880063
255,3.3500009,-0.76626843,2.995977
256,2.9504304,-0.5466448,2.6452112
257,2.254786,-0.8162433,2.1657093
258,2.769496,-0.745865,2.3204918
259,2.4296768,-1.4198076,2.3467245
260,2.8296564,-1.0687041,2.50339
261,2.9079082,-1.002853,2.566731
262,2.747761,-1.0904155,2.5218854
263,3.0637329,-1.0233408,2.7272933
264,2.9925578,-1.1224395,2.6960506
265,3.370907,-0.72702473,2.9362776
266,2.828224,-1.0068923,2.6160061
267,2.2875252,-1.354496,2.2097476
268,2.9790215,-1.2060568,2.5743146
269,3.4579475,-0.7598995,2.799394
270,3.5612462,-1.075255,3.0815895
271,3.162649,-1.1226103,2.7554832
272,3.0754344,-1.5210798,2.7743077
273,3.885357,-0.7993515,3.4610481
274,3.7479146,-0.8227873,3.3482757
275,3.997669,-0.3783887,3.671884
276,3.5231843,-0.5887125,3.2287254
277,3.6672134,-0.33552346,3.338489
278,3.439754,-0.35762164,3.1433022
279,3.5309618,-0.43181682,3.204731
280,3.6026123,-0.25846332,3.3033762
281,3.4917116,-0.29684287,3.2263641
282,3.239481,-0.19751105,3.0108893
283,2.893579,-0.27575806,2.7169735
284,3.5551023,-0.32787198,3.2566235
285,3.6418831,-0.26733097,3.3691685
286,2.5721414,-0.28304347,2.510511
287,2.8123019,-0.24303973,2.6810243
288,2.970516,-0.3425451,2.7883828
289,0.68923575,0.048543587,1.5895598
290,1.1007538,-0.36221546,1.7837236
291,3.3420131,-0.23170993,3.073068
292,2.7241325,-0.32487148,2.6595933
293,2.0160768,-0.174249,2.2365232
294,1.7374151,-0.08839258,2.0905488
295,1.4781725,-0.13831827,1.915316
296,0.6821634,-0.35527262,1.5901297
297,2.231953,-0.6158223,2.337906
298,2.0637033,-0.5870926,2.199247
299,2.4779153,-0.8004392,2.4355133
300,3.045831,-0.66452837,2.7682693
301,3.3171954,-0.715178,2.9815469
302,2.9939997,-0.7588332,2.7611208
303,3.3355174,-0.63724947,3.0019062
304,2.198135,-0.776328,2.304824
305,2.785516,-0.7513611,2.6577246
306,2.305797,-0.87839794,2.4423037
307,3.1331844,0.0573465,2.924192
308,2.1608253,-0.2971106,2.3448286
309,2.422694,-0.105281465,2.5168958
310,2.6415741,0.33170614,2.5614703
311,2.4321697,0.2478762,2.4309194
312,2.9132535,0.23033434,2.740043
313,2.9187393,-0.20569104,2.8027122
314,3.1220176,0.08859008,2.9673927
315,3.1794562,0.17737824,2.9712842
316,3.4775279,0.35891575,3.1939926
317,3.0932782,0.14473185,2.9173052
318,3.5289495,0.38414997,3.2615206
319,3.5752866,0.36124477,3.3181283
320,3.5032446,0.32745248,3.2298067
321,3.337806,0.021459173,3.1032286
322,3.3316116,0.18599838,3.0575244
323,3.3864317,0.14090592,3.1042626
324,3.229866,0.106808506,3.008301
325,3.251443,0.18648148,2.978852
326,2.9608257,-0.16354439,2.8131416
327,3.4739628,0.24102205,3.2052898
328,3.3152437,0.23396477,3.0758882
329,3.3516707,0.14846072,3.1881645
330,3.475291,0.27974415,3.2337465
331,3.653255,0.23903164,3.4716973
332,3.4414003,0.08778566,3.317342
333,3.3951309,0.5082145,3.2695868
334,3.5336573,0.5225673,3.3852336
335,3.5417197,0.7381981,3.3611245
336,2.9779344,0.4493975,2.948215
337,3.1269844,0.51910174,3.0510612
338,2.9291005,0.55511534,2.915666
339,2.9266236,0.5505917,2.957772
340,2.0795414,0.608958,2.4067364
341,1.6405702,0.65572405,2.1736739
342,0.9573094,0.7140813,1.8369397
343,1.283905,0.7784144,2.0021822
344,2.0912755,0.7352639,2.4539623
345,2.259135,1.0368706,2.5355632
346,1.1194255,1.1607037,1.9680758
347,2.0209374,1.2082223,2.4480028
348,1.8261583,1.2655088,2.350981
349,1.7488267,1.3797908,2.3308287
350,1.5909,1.3434664,2.2624114
351,2.7497895,1.3159144,2.8983946
352,3.103458,1.2486644,3.1101305
353,3.209678,1.311562,3.172979
354,2.7803614,1.0865052,2.8972807
355,2.8992064,1.1953089,2.9618208
356,2.7546167,1.1731803,2.8630908
357,2.0638826,1.123709,2.4398618
358,2.558517,1.2533664,2.7429438
359,2.2897496,1.1427823,2.5880318
360,2.2136014,1.116493,2.535764
361,2.273765,1.0911695,2.5669162
362,2.7988625,1.1555346,2.864181
363,2.8481727,1.1939992,2.9101202
364,3.276159,1.2394326,3.19422
365,2.4900763,1.3000696,2.6560993
366,2.331918,1.3772801,2.574393
367,1.908772,1.3966929,2.345639
368,0.9265634,1.3023756,1.8155116
369,1.227164,1.3124659,1.9622912
370,2.2112062,1.3746105,2.483442
371,2.1212184,1.1704832,2.4294918
372,2.8562272,1.0433156,2.8249383
373,1.9580088,0.9287264,2.3375642
374,2.398475,0.96518266,2.5588713
375,2.101816,0.95157903,2.4113584
376,1.3747966,0.7720378,2.0361106
377,1.7844446,0.9227289,2.2274506
378,1.6529226,0.9448879,2.183
379,0.89738715,0.85735136,1.803144
380,0.6072917,1.0732578,1.6493592
381,0.28816777,0.6551438,1.5674847
382,1.6318359,0.9750674,2.2231529
383,2.511281,0.8828178,2.6837194
384,2.4019992,0.928424,2.6392784
385,2.2563996,0.7510116,2.5849812
386,2.3626213,1.0212886,2.6438212
387,1.9626384,0.729897,2.4636045
388,2.056333,1.1498348,2.455596
389,2.0122712,0.8138927,2.4812775
390,2.2602134,1.2770786,2.5657988
391,2.2758281,1.304238,2.567798
392,2.2687385,1.2024757,2.5704346
393,2.2230108,1.0457059,2.5395648
394,3.05174,1.352098,3.06639
395,2.9716268,1.0756364,3.0360618
396,3.092783,1.2688977,3.1050014
397,3.2561169,1.1720816,3.2223206
398,2.6414022,0.59102464,2.830686
399,3.197372,1.044422,3.1805263
400,3.3040254,1.0263904,3.2485752
401,3.4676826,1.1719943,3.3677537
402,3.4833765,1.2874655,3.3701134
403,3.4895146,1.2265816,3.3771117
404,3.6848276,1.3151752,3.5560193
405,3.4642963,1.2861643,3.3565335
406,3.4486446,1.3287907,3.349443
407,3.5780568,1.3465216,3.4644594
408,3.3617513,1.3049053,3.2793345
409,2.6787553,1.3623298,2.7836397
410,3.1835055,1.3312491,3.1480172
411,3.2646892,1.3713857,3.2120135
412,3.3212683,1.3526062,3.267252
413,3.331049,1.3279108,3.2658663
414,3.4277334,1.3283476,3.340483
415,3.3440979,1.3451139,3.2743585
416,3.2910056,1.3869146,3.2416136
417,3.3483512,1.4245759,3.2803016
418,3.1238434,1.686345,3.134895
419,2.9465094,1.814894,3.0200665
420,2.8042502,1.7337633,2.948701
421,2.8333263,1.7695441,2.970337
422,2.8290675,1.8034917,2.96493
423,2.8285067,1.7895687,2.9832044
424,2.3941338,1.6863711,2.721262
425,2.4935744,1.7983452,2.7847452
426,2.2461789,1.8403767,2.6664293
427,2.4128046,1.8812281,2.7822196
428,1.8666911,1.9612297,2.4919767
429,1.9246845,2.0194046,2.513978
430,1.817822,2.0475564,2.45635
431,1.7343738,1.9952857,2.4233274
432,1.5222187,1.9588469,2.3251252
433,1.430305,1.8758332,2.283711
434,1.723124,2.0490642,2.4335485
435,1.4409692,2.0391638,2.2796135
436,1.4002666,2.105722,2.2498922
437,0.881127,2.012136,1.9719625
438,0.24989648,1.8674047,1.6639969
439,0.57249504,1.868107,1.8171889
440,-0.48269123,1.7699269,1.2735523
441,0.39487627,1.8312306,1.7311819
442,0.3744388,1.8473816,1.7108014
443,-0.3660887,1.7183284,1.3231642
444,0.04916102,1.786865,1.5279971
445,0.9258726,1.8026241,1.959414
446,0.8730011,1.7567201,1.9669791
447,0.6637647,1.7880207,1.8669875
448,0.42711487,1.8444343,1.735499
449,1.2580035,1.9741927,2.1339927
450,1.4106197,2.0243838,2.2082906
451,1.8542566,2.089241,2.4371889
452,1.5777221,2.0823286,2.3227403
453,1.8891063,2.2455583,2.4450917
454,2.2266855,2.2886333,2.6365364
455,1.6784987,2.2376103,2.354824
456,1.7323611,2.2574317,2.386955
457,1.7642391,1.9815466,2.2827988
458,1.1107152,1.7198693,1.9921002
459,1.3218677,1.8131838,2.034483
460,0.4475515,1.7637202,1.6668419
461,0.042197086,1.6584378,1.4927056
462,0.27922696,1.7941786,1.5260674
463,0.80545956,1.4716502,1.7320858
464,1.1487064,0.9328985,1.8839009
465,1.7460778,0.78003436,2.1110783
466,1.9833643,0.9816591,2.295335
467,2.4332669,1.0852015,2.545536
468,1.709434,0.821859,2.0609102
469,1.1206529,-0.2882779,2.0128229
470,2.2258983,0.4551487,2.4982705
471,2.267261,0.63981915,2.5122461
472,2.0692153,0.2902931,2.4397702
473,2.2610152,0.33516005,2.5523646
474,1.8806391,0.38902423,2.3687482
475,1.9298799,0.46935573,2.3881874
476,2.6856933,0.71623975,2.6767356
477,2.3456538,-0.10928416,2.5026388
478,2.367057,0.06267238,2.4408262
479,2.7182143,0.5261286,2.6651576
480,0.900522,-0.6107663,1.8699244
481,2.6237273,0.549863,2.6635442
482,2.184585,0.20695877,2.4929664
483,1.333816,-0.1744031,2.06973
484,2.106067,0.57508266,2.3595934
485,1.8052444,0.23901644,2.190691
486,2.3326685,0.22990984,2.487173
487,2.956575,0.52999073,2.8807242
488,2.8363497,0.3889381,2.8135512
489,2.4296193,0.2609972,2.5546029
490,2.9291694,0.45931455,2.9201953
491,2.2589204,0.54657054,2.475865
492,2.982382,0.6421377,2.8930044
493,3.037453,0.6835694,2.9278896
494,2.0144083,0.51234674,2.297389
495,0.22820617,0.56844944,1.4491664
496,0.9176576,0.77533084,1.7623806
497,3.1237102,0.8119412,3.006485
498,3.0173957,0.6181981,2.9098694
499,2.5435708,0.5815177,2.5998209
500,3.1102107,0.56558084,2.9209576
501,3.0980594,0.5993939,2.9249916
502,2.9322236,0.54373574,2.8401692
503,3.1072838,0.6872919,2.9680147
504,3.072805,0.7173344,2.9355052
