,Z_1,Z_2,Z_3,Z_4
0,-2.6105244,0.46577254,0.28550866,3.604177
1,-2.5827215,0.41402653,0.41882655,3.5449038
2,-2.925003,0.35349336,0.21584131,3.6795454
3,-3.3418791,0.07424402,0.35571602,3.6879
4,-4.0185604,-0.49634156,0.6919548,3.618061
5,-4.0653553,-0.4486375,0.5565883,3.7170153
6,-3.782247,-0.4355807,0.8826747,3.53555
7,-4.083307,-0.6584162,0.98320687,3.5765939
8,-4.4075904,-1.2076061,1.52258,3.23241
9,-4.3890204,-1.0185158,1.2070434,3.401775
10,-4.2636147,-0.8407705,1.0530432,3.4919603
11,-3.88368,-0.53151315,0.9247865,3.5017555
12,-4.2482347,-1.162139,1.6395077,3.1306598
13,-4.839496,-1.6884981,1.7341309,3.0426779
14,-4.3510756,-1.0471016,1.2335736,3.266672
15,-4.3499117,-0.9462615,1.0477949,3.3721573
16,-4.3293395,-1.3841393,1.811613,2.855589
17,-4.18202,-1.0808913,1.4468696,3.0488172
18,-4.2871857,-0.90012723,0.9779603,3.3170874
19,-2.4278436,0.32230353,0.53338325,3.227807
20,-2.321359,0.120409004,0.97823125,2.951316
21,-4.4898396,-1.4357197,1.4221834,2.7194529
22,-6.0162234,-3.1811671,1.40053,2.742226
23,-5.407432,-2.5463119,1.6469091,2.3605042
24,-5.395048,-2.408882,1.5505472,2.549289
25,-5.112437,-2.1915271,1.6959796,2.4665453
26,-5.1708446,-2.1608648,1.4513965,2.4784718
27,-4.355496,-1.4859829,1.3851371,2.3535879
28,-3.3475194,-0.92481875,1.4562593,2.1528416
29,-4.0635114,-1.2019589,1.2042533,2.3634527
30,-3.0155666,-0.52034724,0.9916068,2.2880201
31,-3.993819,-1.269622,1.3690888,2.1981244
32,-4.4798727,-1.5414684,1.2049763,2.261475
33,-4.3790426,-1.6731571,1.434879,1.9494789
34,-4.512451,-1.9664453,1.7201802,1.7057867
35,-4.169269,-1.850182,1.9273617,1.4992614
36,-3.6704292,-1.3691595,1.618187,1.6484091
37,-3.3912868,-1.348584,1.8525531,1.4680905
38,-4.2582197,-2.1426132,2.5389006,1.5187488
39,-4.856551,-2.4866438,2.4610286,1.7848401
40,-4.2265363,-1.9737289,2.2464533,1.5894091
41,-4.479613,-2.4259045,2.6576214,1.3340309
42,-4.177909,-2.158772,2.5133765,1.2728841
43,-4.2457027,-2.3872943,2.8952813,1.1696634
44,-4.232253,-2.5606222,3.1826131,0.9858338
45,-4.5219903,-3.0261116,3.6925092,0.99963635
46,-4.1292477,-2.4828656,3.143286,0.95257
47,-4.0487876,-2.5348551,3.2779803,0.82746905
48,-4.612659,-3.0622487,3.5198438,0.9740247
49,-4.8705626,-2.760335,2.7491572,1.4937384
50,-5.23702,-3.889902,4.004093,1.7548118
51,-5.256773,-3.9295263,4.0376844,1.8163722
52,-5.2392406,-3.9805303,3.9671626,1.7156968
53,-5.1711884,-3.9623926,4.0358906,1.6683867
54,-4.948987,-3.7630005,3.9914424,1.2617834
55,-4.722815,-3.4247708,3.7037082,0.82275337
56,-4.682272,-3.0423272,3.2103481,0.86336535
57,-4.9512963,-3.4873068,3.6474562,1.1494553
58,-4.7669463,-3.1577399,3.3328538,0.95456177
59,-4.54644,-3.0961764,3.5195007,0.78398085
60,-4.415539,-2.8451207,3.300419,0.781775
61,-4.1044183,-2.5640864,3.1886146,0.7002534
62,-4.336859,-2.9507618,3.5818071,0.695085
63,-4.2838826,-2.769264,3.2858815,0.6527541
64,-4.087888,-2.681261,3.3566298,0.56127334
65,-3.89209,-2.359355,3.0835364,0.662727
66,-3.6894946,-2.3650143,3.3054585,0.51587
67,-3.8017972,-2.1892161,2.8677583,0.70456576
68,-3.7300298,-1.9115992,2.4523695,0.8979846
69,-4.645308,-2.5438964,2.5404298,1.1451991
70,-4.8474855,-2.9936016,3.0510638,1.0996392
71,-4.975253,-3.1408987,3.105113,1.1655579
72,-4.9030447,-3.1074579,3.1412137,1.0976052
73,-4.746435,-2.837528,2.8482108,1.0094938
74,-4.729467,-2.8006444,2.8271306,1.0073006
75,-4.65167,-2.8352406,2.994696,0.9600019
76,-4.616931,-2.7982097,2.9559336,0.930378
77,-4.492449,-2.5609608,2.6066344,0.8676842
78,-4.1372347,-2.2714512,2.478313,0.7494116
79,-4.3447447,-2.339194,2.4203541,0.92492193
80,-3.6886482,-1.8050754,2.1377604,0.82113403
81,-3.9788985,-1.8118008,1.9149405,1.0944886
82,-2.6456208,-1.3322847,2.3050427,0.5897093
83,-3.2321408,-1.9963623,3.091545,0.5105798
84,-2.821595,-1.6171712,2.642772,0.41601717
85,-2.3740733,-1.4528737,2.6963696,0.2347165
86,-2.1847017,-1.1848513,2.3168912,0.30749157
87,-1.8448133,-0.9819368,2.2306945,0.28613406
88,-1.8723596,-0.81821203,1.8933812,0.47090828
89,-2.0996919,-1.0118752,2.0040052,0.34788388
90,-2.1130672,-1.1347828,2.2553885,0.286097
91,-2.175946,-1.1676446,2.2861025,0.34127823
92,-1.9747559,-0.9146523,1.9169538,0.41474682
93,-1.4252454,-0.8064103,2.2208169,0.2182957
94,-1.5391006,-0.7816344,2.1078522,0.3420728
95,-1.2983955,-0.72590166,2.2158237,0.25214222
96,-1.1693488,-0.33028096,1.5386502,0.57432145
97,-1.707367,-0.523952,1.494522,0.6669868
98,-0.6590093,-0.18281078,1.6822388,0.43986183
99,-0.9522937,-0.23200461,1.57941,0.558873
100,-0.9260908,-0.10197607,1.3402928,0.6750218
101,-0.45405534,0.0911643,1.4053074,0.6639829
102,-0.5291592,0.32309252,0.9137892,0.96343046
103,-1.6814418,-0.3364287,1.2995611,0.9899761
104,-1.2214862,-0.18253928,1.3294743,0.7994544
105,-1.044243,0.11799123,0.95382434,1.0938756
106,-0.69332427,0.14898387,1.1427445,0.9223357
107,-0.919643,0.19642949,0.8721928,1.1146913
108,-2.3948512,-0.49661323,0.961802,1.263052
109,-1.7640601,-0.4798884,1.4327015,0.8471306
110,-2.5744295,-0.9347195,1.5175022,0.7894656
111,-2.520713,-1.3564026,2.4449856,0.44835544
112,-2.4909892,-1.2333602,2.2662184,0.60468847
113,-2.6757672,-1.2689695,2.1007662,0.5877423
114,-2.7744012,-1.0600127,1.6436945,0.9153704
115,-2.3923433,-1.0644433,1.9439117,0.62293375
116,-2.4108675,-0.90042925,1.5964278,0.81163365
117,-1.9059689,-0.5790097,1.4744904,0.82953805
118,-1.9329345,-0.6832843,1.7064301,0.7897929
119,-1.9195195,-0.66778845,1.7047272,0.8032049
120,-2.2202363,-0.94042665,1.9721578,0.7539674
121,-2.394156,-0.66460264,1.3400913,1.1774964
122,-2.4918728,-1.0893801,2.0776956,0.8285756
123,-3.5632222,-1.5190988,1.8392789,1.1027906
124,-3.4522312,-1.2856725,1.5060004,1.2136958
125,-3.3082745,-1.2383603,1.5780517,1.1628768
126,-2.8562684,-1.0095855,1.5019842,1.014224
127,-4.419994,-2.2489018,2.0182743,0.8897535
128,-4.3340073,-2.396276,2.3015037,0.64233774
129,-3.9143279,-2.2506073,2.3740625,0.31671283
130,-4.0904884,-2.362289,2.3755438,0.3522812
131,-4.57113,-2.9100316,2.703491,0.36716914
132,-5.464837,-3.4214652,2.3867142,1.2562921
133,-5.59306,-3.3529994,1.8413845,1.2492924
134,-5.4262123,-3.4556565,2.3428319,1.0666096
135,-5.2293024,-3.1109793,1.9694835,0.79084885
136,-4.751909,-2.7232695,2.0649781,0.5316785
137,-4.925374,-2.9689,2.409388,0.72117037
138,-4.891519,-2.701221,2.027212,0.84912
139,-5.065201,-2.6120048,1.6597236,1.1426814
140,-2.757057,-1.1455393,1.4799852,0.4290688
141,-2.4664233,-1.3027841,2.045324,0.16471249
142,-2.4266512,-1.3144925,2.0684772,0.06946519
143,-2.2454424,-1.4804398,2.5033638,-0.20805973
144,-1.1603415,-0.7438732,1.9364239,-0.22312096
145,-1.2650441,-0.8881967,2.1293302,-0.27869046
146,-1.6244829,-0.8962232,1.8452339,-0.090533316
147,-1.3990059,-0.7335445,1.6402527,-0.12052247
148,-0.93721396,-0.4474156,1.4220725,-0.15243776
149,-0.6591128,-0.52929074,1.8009921,-0.38334107
150,-0.594876,-0.30808467,1.4834335,-0.15226123
151,-0.8388954,-0.51119703,1.7553197,-0.15147543
152,-1.1209731,-0.5209308,1.5760633,0.015637904
153,-1.2154251,-0.61243725,1.7128528,0.029057652
154,-2.4769585,-1.1583706,1.6669544,0.19896787
155,-2.2761722,-0.9452451,1.4183989,0.24263489
156,-1.9794388,-0.96770185,1.7134092,0.05926226
157,-2.9505792,-1.022705,1.1070763,0.73496854
158,-2.754476,-1.1002715,1.4531653,0.5328334
159,-2.2917578,-1.0652266,1.8425105,0.32917473
160,-2.820583,-1.3050274,1.919397,0.52256876
161,-3.090196,-1.727958,2.4668572,0.32002878
162,-3.635326,-1.6768916,1.7966814,0.69266784
163,-3.32705,-1.6849422,2.094577,0.42912972
164,-3.4015887,-1.6701312,2.0181427,0.5199841
165,-4.1758375,-2.2713313,2.2952464,0.60507834
166,-4.5748568,-2.4844093,2.213579,0.8140354
167,-5.087487,-3.006281,2.4151196,1.0182118
168,-5.4738665,-3.422557,2.42033,1.3009064
169,-5.4096346,-3.4559743,2.4633677,1.1229746
170,-5.363408,-3.4374936,2.5729456,1.1148832
171,-5.272634,-3.5112233,2.9202936,1.1140046
172,-5.362718,-3.4107804,2.7708173,1.327838
173,-4.769863,-3.1713812,3.063154,0.59996676
174,-4.6733313,-2.818656,2.4727385,0.51304984
175,-4.687858,-2.6885462,2.187452,0.5780283
176,-4.83334,-2.8263087,2.1176116,0.5200108
177,-5.090233,-3.3409367,2.7334826,0.76263326
178,-5.099442,-3.361353,2.7943668,0.80784094
179,-5.3452106,-3.2886286,2.1867657,0.9679795
180,-5.300595,-3.455769,2.6390765,1.0025516
181,-5.319428,-3.2827609,2.2674348,0.98120934
182,-5.074082,-3.0617821,2.2950375,0.77252793
183,-4.4206862,-2.422689,1.9339888,0.4112475
184,-4.2351522,-2.414779,2.1936429,0.31742418
185,-3.8729136,-1.9819008,1.6676188,0.2381481
186,-3.8976073,-1.8459927,1.465626,0.40672284
187,-3.7521436,-1.7911979,1.4795307,0.3093312
188,-3.226369,-1.7837532,1.9898942,-0.07877406
189,-3.568904,-1.7881645,1.6376133,0.1376572
190,-3.4097042,-1.9228045,2.0191097,-0.10147696
191,-3.3248289,-1.4489765,1.3052027,0.35681778
192,-3.3007321,-1.5943155,1.7213417,0.31702197
193,-3.148638,-1.2107042,1.1702741,0.5837515
194,-3.074898,-1.2827777,1.3564974,0.43620884
195,-2.7256756,-0.88391954,1.0479687,0.7130456
196,-2.8045762,-0.9000897,1.07032,0.7882304
197,-3.008886,-1.1112968,1.3456407,0.7619101
198,-3.3171325,-1.3578366,1.5281655,0.7513227
199,-3.2519262,-1.4047375,1.7040927,0.6984164
200,-2.9590542,-1.1955537,1.5700132,0.69677204
201,-2.9127474,-1.380449,1.979401,0.49636215
202,-3.0187817,-1.2899326,1.7250048,0.675205
203,-3.0320666,-1.1477171,1.5176075,0.9194233
204,-1.5045549,-0.3467303,1.2972219,0.74412405
205,-0.8277289,0.23766631,0.7158323,0.9418562
206,-1.2966118,-0.36642104,1.5081887,0.63133955
207,-0.72403485,0.077690214,1.0759614,0.7145867
208,-1.4796021,-0.72419685,2.0938046,0.41321313
209,-1.1382399,-0.5697584,2.0866876,0.3904856
210,-1.3869003,-0.9283032,2.5249631,0.17569917
211,-1.7154856,-0.9036445,2.2272887,0.4350307
212,-1.3162298,-0.52263784,1.7805318,0.50852436
213,-0.710111,0.05872944,1.2669986,0.82291406
214,-0.554784,0.13126731,1.2226546,0.76083475
215,-0.08798735,0.30439326,1.2155589,0.63172054
216,-0.34308422,-0.4374951,2.3606203,0.04744433
217,-0.707124,-0.053061247,1.3833426,0.649992
218,-0.4466577,0.33254832,0.92710704,0.93034536
219,-0.8363094,-0.022156864,1.363242,0.8605576
220,-0.88306016,-0.22278732,1.6898744,0.7043168
221,-0.7841494,0.004772021,1.3111105,0.85737675
222,-2.2014942,-0.64372987,1.2607183,0.85678583
223,-2.6648161,-1.3147057,1.9880542,0.40780663
224,-3.3288767,-1.1784222,1.101157,0.9300644
225,-2.8342338,-0.8578402,1.0091382,0.96699864
226,-2.9236178,-0.8619948,0.8663404,0.97168034
227,-3.2627807,-1.2642399,1.3006896,0.8022153
228,-3.3521457,-1.0009116,0.70605224,1.1211717
229,-4.310249,-1.6643304,1.075637,1.3556337
230,-4.99547,-2.1556938,1.0197092,1.5403671
231,-4.595148,-2.2137227,1.8304896,1.1893947
232,-4.3567643,-1.6466558,1.0126626,1.4618936
233,-3.9119837,-1.4926852,1.3020128,1.2628188
234,-3.9165938,-1.6794014,1.7303275,1.1494217
235,-4.2623806,-1.8710684,1.752636,1.3097894
236,-4.724691,-2.5119045,2.3767962,1.1846225
237,-5.151339,-2.9233987,2.5500367,1.3876684
238,-4.9441524,-2.5404806,2.1193914,1.3783741
239,-4.805412,-2.321746,1.9218848,1.4095201
240,-4.3686094,-2.1333454,2.127902,1.1467617
241,-4.0362697,-2.0034976,2.3224394,1.0365074
242,-3.8222551,-1.9541343,2.491607,0.94154567
243,-4.0069885,-2.0013719,2.4408853,1.0984426
244,-2.6083531,0.96494704,-1.3330612,3.5712454
245,-2.845212,-0.8178827,1.3331869,1.4311881
246,-2.1294868,-1.175654,2.6982076,0.55399996
247,-1.195289,-0.8499153,2.8123853,0.24898359
248,-1.2679787,-0.40473786,1.9358919,0.838193
249,-1.3007306,-0.22117954,1.4029056,0.88482517
250,-0.7749537,0.077346414,1.2254045,0.8875391
251,-1.218358,-0.16914025,1.234595,0.82468945
252,-1.3166475,-0.4954087,1.7204548,0.4052887
253,-1.7740263,-0.73844784,1.6770043,0.30811378
254,-1.1959132,-0.25473768,1.274274,0.47261286
255,-1.3726835,-0.5471313,1.4585712,0.042505935
256,-2.5584614,-1.0308472,1.4785844,0.43796736
257,-3.5929413,-1.8424603,1.9587554,0.3168158
258,-3.7971752,-1.687071,1.3486868,0.54005027
259,-2.5888968,-1.6563895,2.386659,-0.4066691
260,-2.8135672,-1.4553815,1.8002849,-0.042089675
261,-2.7259595,-1.3627317,1.7042563,0.004884392
262,-2.4659986,-1.3912443,2.004598,-0.17172366
263,-1.9750651,-1.0785078,1.7821126,-0.18633133
264,-1.6752113,-1.0555822,1.9431651,-0.29028773
265,-1.8568683,-0.7462838,1.2943,0.12772688
266,-1.6176012,-1.05639,2.0823796,-0.22173735
267,-2.8397737,-1.7716064,2.2782226,-0.19266498
268,-2.5028145,-1.330668,1.7115531,-0.123010576
269,-3.0602608,-1.0588827,0.74638796,0.44202942
270,-1.0073338,-0.52678776,1.3690549,-0.29721057
271,-1.4184574,-0.9646205,1.9201021,-0.4375184
272,-0.37517914,-0.87003016,2.4383721,-0.99416757
273,-0.16185033,0.013518399,1.0028541,-0.33671576
274,-0.0683026,-0.077621214,1.328534,-0.39494568
275,0.37582275,0.48649064,0.7039311,0.031691253
276,0.40175787,-0.046438415,1.8325336,-0.43891758
277,-0.1427221,0.06285175,1.2883068,0.005411908
278,-0.26717767,-0.17137745,1.6659946,-0.11058252
279,-0.49964848,-0.19184372,1.4685346,-0.04610215
280,-0.145631,0.034131832,1.3847029,0.05474098
281,0.02064861,-0.04025201,1.6393508,-0.10733152
282,-0.45657787,-0.28002232,1.8156995,0.013909772
283,-0.6043013,-0.62915456,2.3566246,-0.34219897
284,-0.18120296,-0.035786405,1.4632585,0.0072061718
285,0.3092247,0.17433587,1.448195,-0.050755095
286,-1.462068,-0.9561084,2.3113635,-0.10205364
287,-1.3488795,-0.7514911,2.0232816,0.05857818
288,-0.8960211,-0.61272925,2.0898232,-0.15255737
289,-2.832498,-1.9140782,3.1009946,-0.0064355135
290,-1.899089,-1.62178,3.2381573,-0.42342916
291,-0.6797122,-0.24559343,1.5597906,0.14051934
292,-0.99266326,-0.70473486,2.2309344,-0.11821964
293,-2.2045593,-1.277232,2.3836393,0.15318084
294,-2.594159,-1.4488528,2.410109,0.28105128
295,-3.2041655,-1.7575538,2.4202936,0.37069076
296,-3.5044684,-2.1464696,2.8203228,0.26717246
297,-2.1789486,-1.3654293,2.3850439,-0.15119374
298,-2.7187593,-1.6001104,2.3577693,-0.008203156
299,-2.0926492,-1.3491396,2.3212724,-0.3087035
300,-1.7549869,-0.928286,1.7751064,-0.10374553
301,-1.1748781,-0.6332825,1.6457673,-0.2046556
302,-1.4572965,-0.9231479,1.9983989,-0.304821
303,-1.2401574,-0.59792423,1.5517126,-0.10164347
304,-2.3475358,-1.5084807,2.4306703,-0.23599668
305,-1.4869902,-1.0115107,2.175466,-0.31833392
306,-1.2296882,-1.1204823,2.6468782,-0.512763
307,-1.5038049,-0.3753347,1.3331184,0.6575205
308,-2.0071242,-1.111273,2.2414806,0.19718415
309,-1.7297875,-0.83343124,2.0086098,0.37423792
310,-2.564316,-0.80497915,1.3684144,1.0456872
311,-2.6259391,-0.9571982,1.5959011,0.9180296
312,-2.1061947,-0.57426494,1.2956048,0.9372844
313,-1.1277323,-0.4647388,1.751578,0.3369887
314,-0.89129794,-0.1447613,1.4559306,0.6216035
315,-1.3496141,-0.20595077,1.2342124,0.8174818
316,-1.2594863,0.10155579,0.7509213,1.1166589
317,-1.2141478,-0.22159433,1.3805059,0.736366
318,-0.8681612,0.2642045,0.7721896,1.069401
319,-0.5433988,0.38177115,0.80260086,0.99059445
320,-0.9162073,0.1994347,0.8383204,1.0012436
321,-0.85704046,0.0010056009,1.2079977,0.6846356
322,-1.3853551,-0.116971314,1.0316973,0.88413894
323,-1.193783,-0.041084867,1.031364,0.8341467
324,-0.93688315,-0.09372184,1.3608167,0.65360034
325,-1.6070826,-0.24547192,1.1017903,0.89581627
326,-1.387406,-0.47232977,1.6107837,0.48758692
327,-0.9759184,0.11643887,0.9315649,0.9094873
328,-1.3370711,-0.111288846,1.0722497,0.88295
329,-0.18893455,0.20659629,1.3906355,0.55485636
330,-0.78294945,0.19994673,0.93371564,0.92013794
331,0.6085091,0.7294292,0.98714954,0.7183726
332,0.92640454,0.6186482,1.4499695,0.45193172
333,0.31956387,0.5861068,1.2197092,0.8655277
334,0.5726487,0.7637344,1.0805619,0.8790366
335,-0.07869996,0.7071712,0.73822194,1.2797365
336,-0.27956182,0.1684717,1.5819331,0.8133466
337,-0.1584728,0.30953664,1.4095905,0.9046108
338,-0.3410647,0.16396809,1.5879661,0.88677406
339,0.48287338,0.39417246,1.8135238,0.6860857
340,-0.7721518,-0.29213214,2.1765912,0.7604189
341,-1.0214115,-0.5032823,2.399467,0.7145791
342,-1.9793345,-1.0071592,2.561333,0.76759374
343,-1.9872903,-0.8646008,2.3045082,0.9406622
344,-0.8262843,-0.22569183,2.057475,0.9251699
345,-1.2655239,-0.0991323,1.5860415,1.4114912
346,-1.2155768,-0.44626847,2.3699925,1.0765848
347,-1.156487,-0.031070318,1.6298822,1.5194552
348,-0.72355264,-0.0047533056,1.9595345,1.2981508
349,-0.7718905,0.02566159,1.9315755,1.3713756
350,-0.34980008,0.09543164,2.1560535,1.2351825
351,-0.33653265,0.5755441,1.1609725,1.6927466
352,-0.22841747,0.74781734,0.85423625,1.7222731
353,-0.22556159,0.85503405,0.67815375,1.8419001
354,0.033271022,0.5951406,1.3528907,1.4352822
355,-0.24118255,0.62077266,1.1167132,1.6248572
356,-0.32686064,0.50820637,1.2760403,1.5571544
357,-1.0360508,-0.031053558,1.7306637,1.4148219
358,-0.5723743,0.3723301,1.3578877,1.6216643
359,-0.79819906,0.09983646,1.6575526,1.3640203
360,-0.8399949,0.038147,1.7350041,1.3166611
361,-0.8439645,0.03411082,1.712845,1.2819073
362,-0.71348757,0.3554813,1.1784097,1.5518818
363,-0.2618273,0.52994186,1.2330385,1.4993551
364,-0.46606243,0.77553415,0.5665695,1.8455687
365,-0.7929239,0.26848292,1.386853,1.5962605
366,-0.49395037,0.34033078,1.5514467,1.5627985
367,-0.15973732,0.27381784,2.008113,1.3165572
368,-0.42416874,-0.2062211,2.6958914,0.91035527
369,-0.4930441,-0.11132492,2.4627533,1.070926
370,-0.5627743,0.2790466,1.6347536,1.5474217
371,-0.7528201,0.07375326,1.8145245,1.330015
372,-1.4513868,0.13302913,0.98685104,1.684056
373,-1.1701895,-0.24819806,1.989134,1.124723
374,-1.3365214,-0.077068605,1.5115763,1.4275756
375,-1.0804044,-0.11311913,1.8206497,1.2700403
376,-1.2227639,-0.4887182,2.3829315,0.93486744
377,-1.2432797,-0.2822812,2.0048735,1.2066576
378,-0.9447149,-0.20810643,2.1349344,1.1563332
379,-1.1874796,-0.5689257,2.5854974,0.91812855
380,-1.5467662,-0.6675914,2.5514472,1.1017392
381,-0.9669595,-0.7375299,3.018091,0.5892745
382,-0.72595936,-0.137167,2.1591837,1.1353185
383,-0.68072665,0.14521158,1.5653098,1.3104875
384,-0.626785,0.15100116,1.6323999,1.3350587
385,-0.3682127,0.13213655,1.8303097,1.1697736
386,-0.40700758,0.3094065,1.5723764,1.4680052
387,-0.042327307,0.19736496,2.0049787,1.155108
388,-0.9450834,0.11346466,1.5835067,1.6462462
389,-0.13940382,0.23138675,1.8765674,1.3017151
390,-0.64794743,0.33277795,1.4463744,1.7408228
391,-0.67527735,0.3494412,1.405814,1.7761929
392,-0.52846783,0.36424097,1.4555432,1.7037199
393,-0.57757044,0.254482,1.5487932,1.5700388
394,0.057162985,0.91945344,0.8400659,1.8585186
395,0.9036,1.0060543,1.2320321,1.4592879
396,0.106271714,0.8699698,0.9274558,1.7218037
397,0.38000563,0.97418344,0.872338,1.6029041
398,0.6233543,0.49471882,1.7813218,0.9417642
399,0.4102737,0.8951508,0.9920174,1.4814103
400,0.5943338,0.99063855,0.9244177,1.4538088
401,0.580435,1.1579707,0.6362697,1.6189389
402,0.85036576,1.3026857,0.62165886,1.6548448
403,0.99324214,1.3087977,0.6913884,1.5497527
404,1.2107673,1.5735875,0.3572164,1.6706896
405,1.2445492,1.387214,0.7845167,1.5112169
406,1.1018265,1.3633454,0.74700457,1.5871983
407,1.1508559,1.4875947,0.51820356,1.6684251
408,0.69870627,1.1801149,0.7653486,1.659147
409,-0.07183426,0.5958653,1.3661225,1.6122854
410,0.37008718,0.99816024,0.88178307,1.7080626
411,0.13087624,1.0025439,0.6800923,1.8314731
412,0.67317265,1.1772538,0.76438266,1.7036076
413,1.0093633,1.2571347,0.8720463,1.5718272
414,0.9516704,1.3141526,0.6832477,1.6325886
415,1.0204002,1.288861,0.8165571,1.593126
416,0.7859335,1.2282133,0.7882736,1.7132967
417,1.1781307,1.3928229,0.7804968,1.6570914
418,0.7451532,1.3531823,0.672514,2.0107226
419,0.6840978,1.3429533,0.7276538,2.1227694
420,0.6337591,1.1805066,0.9715422,1.9739349
421,0.6949077,1.2417796,0.8924183,2.0026526
422,0.8202919,1.3100144,0.88109124,2.004767
423,0.766333,1.2824616,0.9010319,2.0124753
424,0.62845904,0.9990616,1.3086019,1.7866845
425,0.5811211,1.1071832,1.149175,1.9933674
426,0.14172082,0.9048286,1.2165209,2.069736
427,0.5129279,1.1128781,1.1366616,2.0835912
428,0.3615176,0.9253624,1.4754505,2.0611756
429,0.6300928,1.0705901,1.4021933,2.0766625
430,0.44293797,0.9958532,1.422652,2.122067
431,0.6706063,0.9945922,1.5880272,1.9731019
432,-0.4359303,0.56571674,1.5052735,2.1478853
433,0.4146472,0.72009933,1.8645512,1.7831471
434,0.71024233,1.0527664,1.5468311,2.063461
435,0.5576162,0.9145389,1.7073684,2.0319417
436,0.2325543,0.8674117,1.5854146,2.1931345
437,-0.22980472,0.48896107,1.953374,2.0098662
438,-0.60717165,0.075779565,2.3974192,1.7382805
439,-0.52135783,0.18265805,2.207293,1.7945869
440,-0.70242524,-0.24284217,2.8526204,1.3929296
441,-0.62070876,0.083946176,2.3079453,1.7533166
442,-0.68859595,0.073342465,2.2921631,1.7679732
443,-0.7793295,-0.26013267,2.8034322,1.4012845
444,-0.7580013,-0.1010552,2.545325,1.5955732
445,-0.4813438,0.25506777,2.0796604,1.8106933
446,-0.059642706,0.3336465,2.265909,1.6327553
447,0.068553515,0.33731177,2.4027727,1.5644248
448,0.060891308,0.3159009,2.4826927,1.5916085
449,0.2088356,0.7007601,1.8762625,1.9894931
450,0.5051712,0.88025063,1.7886747,2.0229607
451,0.99465674,1.2294106,1.5308881,2.076823
452,0.9820517,1.1382059,1.7630099,1.9512317
453,0.34155133,1.2028897,1.1363765,2.4786065
454,0.48699003,1.4072052,0.83807725,2.5792122
455,0.5958814,1.1799897,1.4055691,2.3183775
456,0.50585806,1.1879045,1.3064224,2.3735092
457,-1.8978392,0.32029173,0.8697709,2.6204102
458,-1.4649587,0.023924988,1.730343,1.9927166
459,-2.1279562,-0.06357136,1.2930201,2.3709705
460,-2.1564054,-0.4240377,1.9523765,1.9640265
461,-2.2765281,-0.670441,2.2369955,1.7529824
462,-3.28259,-0.87574834,1.699118,2.259562
463,-3.1910732,-0.94471276,1.7012252,1.9440529
464,-2.8469596,-1.0470957,2.002143,1.3753796
465,-2.9808426,-1.0343773,1.7135111,1.3372831
466,-2.4549417,-0.6156115,1.5281092,1.535557
467,-2.2489672,-0.32144016,1.1466647,1.7375786
468,-3.4627724,-1.1902899,1.5244359,1.5833657
469,-1.3595436,-1.0287011,2.8894582,0.16622147
470,-1.4612964,-0.43325186,1.8483216,0.9692541
471,-1.6410292,-0.362336,1.6340888,1.2463758
472,-1.3406683,-0.479328,1.9827483,0.89279014
473,-1.1556712,-0.34307012,1.8607367,0.91342777
474,-1.3002884,-0.46162894,2.0297842,0.9406534
475,-1.4262406,-0.4542449,1.9360751,1.0445769
476,-2.1694214,-0.35386905,1.1169326,1.4975731
477,-1.7605057,-0.7328371,1.9014801,0.65070534
478,-2.4927568,-0.9494275,1.6749301,0.85920674
479,-2.2147875,-0.53694487,1.2811204,1.2240427
480,-1.754304,-1.373075,2.984154,0.041167513
481,-1.9159524,-0.45107743,1.4254966,1.1627738
482,-1.6841972,-0.66453356,1.9252881,0.80284566
483,-2.0080922,-1.196453,2.5354264,0.42826772
484,-2.6778839,-0.9128242,1.6125145,1.2169867
485,-2.943742,-1.2914231,1.9239442,0.89457214
486,-2.44301,-0.9392385,1.708313,0.8574122
487,-1.9047488,-0.33113307,1.1082469,1.2206149
488,-1.7343264,-0.41170976,1.375213,0.98482496
489,-1.8927791,-0.68647975,1.7475342,0.796136
490,-0.864895,-0.055492517,1.4703243,0.87018585
491,-1.4682845,-0.505524,1.9073713,0.82973945
492,-1.7057284,-0.15474075,1.0247005,1.3335524
493,-1.7300445,-0.10285055,0.92464,1.4228044
494,-2.2289052,-0.86166817,1.912487,0.8945167
495,-1.6364554,-1.2485266,3.2072186,0.17846176
496,-2.0894485,-1.1104782,2.607978,0.6516695
497,-1.5117989,0.085850924,0.77701133,1.544884
498,-1.5875742,-0.104837336,1.0198919,1.2912033
499,-1.6982484,-0.44568542,1.6068757,0.9716467
500,-2.0735586,-0.21860054,0.80954564,1.4352584
501,-1.9827305,-0.16924477,0.82213986,1.4528515
502,-1.7368709,-0.21758172,1.1427174,1.2513118
503,-1.6580927,-0.025342843,0.8796918,1.455015
504,-1.7299808,-0.029813563,0.8466067,1.518769
