,Z_1
0,0.890492
1,0.37891906
2,0.66596586
3,0.55890906
4,0.57247156
5,0.7775746
6,0.7243867
7,0.8919089
8,0.9042551
9,0.903624
10,0.90827906
11,1.0634614
12,0.82239205
13,0.5781276
14,0.8343714
15,0.67031604
16,0.17485094
17,0.21851546
18,0.3701035
19,0.43894467
20,-0.073811546
21,0.34442967
22,0.6213738
23,0.81219244
24,0.67574376
25,0.52628016
26,0.699065
27,0.7135864
28,0.69350445
29,0.63785464
30,0.70004714
31,0.60789233
32,0.29337028
33,0.23715362
34,0.25329053
35,-0.9723855
36,-1.2711338
37,-1.205646
38,-2.3971252
39,-1.940597
40,-1.2718859
41,-1.9690868
42,-1.4140544
43,-2.4019382
44,-2.83132
45,-3.7107282
46,-2.8807263
47,-3.7661002
48,-4.5319457
49,-2.8500113
50,-4.96587
51,-4.3974056
52,-4.635691
53,-4.6277595
54,-4.442834
55,-4.1987686
56,-3.7012677
57,-3.9977682
58,-3.5040615
59,-3.9988916
60,-3.588471
61,-3.3980014
62,-3.798
63,-3.4872773
64,-3.263842
65,-3.0583875
66,-3.2387729
67,-2.806519
68,-2.7378235
69,-2.8234437
70,-2.265627
71,-2.7552621
72,-2.771669
73,-2.3370047
74,-3.0609832
75,-3.3838227
76,-2.930015
77,-2.9327695
78,-2.306469
79,-2.1267405
80,-2.203895
81,-1.6829133
82,-2.1771443
83,-2.2910068
84,-2.173082
85,-2.0330954
86,-2.1709027
87,-1.8432969
88,-1.4431454
89,-1.5849551
90,-2.1685247
91,-2.4364915
92,-1.8765851
93,-2.038303
94,-1.6878319
95,-2.1337888
96,-1.6767651
97,-1.8827091
98,-1.7384733
99,-1.6453001
100,-1.5938071
101,-2.0959365
102,-1.9997231
103,-1.8510957
104,-1.394958
105,-1.3145128
106,-1.223988
107,-0.9317944
108,-1.1840482
109,-1.8499725
110,-1.9201671
111,-3.3110938
112,-2.8891966
113,-2.297453
114,-2.2243648
115,-2.661336
116,-2.2821765
117,-2.8237567
118,-2.2968485
119,-2.4259918
120,-2.5961254
121,-2.1679177
122,-2.61643
123,-2.022329
124,-1.9687331
125,-1.8453957
126,-1.6738812
127,-1.6946794
128,-1.999191
129,-1.7878398
130,-1.9705836
131,-1.9759699
132,-2.507134
133,-2.1387906
134,-1.8762085
135,-1.8186835
136,-1.7411534
137,-1.7872747
138,-1.3781755
139,-1.4500132
140,-1.5005323
141,-1.5892198
142,-1.4883581
143,-1.4951262
144,-1.1974593
145,-1.545559
146,-1.1073072
147,-1.5931002
148,-1.1958671
149,-1.4080933
150,-1.0653139
151,-1.1451672
152,-1.3296872
153,-1.4956256
154,-1.3359243
155,-1.3621687
156,-1.2014858
157,-1.3569182
158,-1.0953559
159,-1.5229093
160,-1.5754259
161,-1.4946622
162,-1.0692729
163,-1.2725621
164,-1.4759398
165,-1.7855412
166,-1.4327694
167,-2.393948
168,-1.6459533
169,-2.1621928
170,-2.7132452
171,-2.4113357
172,-2.678553
173,-2.1988342
174,-2.5013878
175,-2.1057892
176,-2.0805945
177,-1.879674
178,-2.0656312
179,-1.701968
180,-1.8968295
181,-1.7988507
182,-1.8608621
183,-2.1374478
184,-2.1537607
185,-2.0744488
186,-1.8756573
187,-2.1955094
188,-2.4306571
189,-1.9876372
190,-2.265327
191,-1.9707054
192,-2.3177905
193,-1.9455711
194,-1.6702027
195,-1.4680773
196,-1.6903073
197,-1.9532857
198,-1.8793842
199,-1.677528
200,-1.9025515
201,-2.0402055
202,-2.2365503
203,-2.0709944
204,-1.7890655
205,-1.6288207
206,-2.2602463
207,-2.3967395
208,-3.0911262
209,-2.9746444
210,-2.537068
211,-2.1903286
212,-2.382485
213,-1.7168083
214,-1.8263981
215,-1.4684606
216,-1.8175222
217,-1.5779407
218,-1.2108704
219,-1.4768836
220,-1.542637
221,-0.9847281
222,-1.4251935
223,-1.9067502
224,-1.299002
225,-1.5978538
226,-1.1659244
227,-1.0613686
228,-1.1241081
229,-0.8863425
230,-0.7203224
231,-1.1242629
232,-1.1107215
233,-0.8813539
234,-1.0108621
235,-1.1351235
236,-1.2393485
237,-1.745217
238,-1.5153066
239,-1.2840087
240,-2.1142118
241,-1.2700447
242,-1.4713731
243,-0.9596085
244,-1.7552288
245,-1.2178782
246,-1.3905873
247,-1.7594091
248,-1.1444592
249,-1.2260728
250,-1.2848868
251,-1.4303449
252,-1.259479
253,-1.6263852
254,-1.3550133
255,-1.5781142
256,-1.2673885
257,-1.1904038
258,-1.3440506
259,-1.6532344
260,-1.3984553
261,-1.4982675
262,-1.4289306
263,-1.2728907
264,-1.2750227
265,-1.3231297
266,-1.5327886
267,-1.2876147
268,-1.2514273
269,-2.387583
270,-2.2359965
271,-2.564344
272,-2.1803946
273,-1.7048769
274,-1.6675057
275,-0.9161085
276,-1.1885914
277,-0.8584333
278,-1.2312593
279,-1.1997167
280,-1.2235146
281,-1.1936156
282,-1.4661727
283,-1.4009011
284,-1.5179071
285,-1.306432
286,-1.7184669
287,-1.7158122
288,-1.3270721
289,-2.3358824
290,-2.5598886
291,-1.0511984
292,-1.7620112
293,-1.9434787
294,-1.8253238
295,-1.5298713
296,-2.0731738
297,-1.5335231
298,-1.4838423
299,-1.128328
300,-1.2813499
301,-0.92734444
302,-1.2121425
303,-0.8558155
304,-1.4446179
305,-1.1895028
306,-0.80902666
307,-0.79189175
308,-1.3201442
309,-1.0645181
310,-0.23780718
311,-0.8507463
312,-0.1861873
313,-1.1909297
314,-0.371703
315,-0.32188538
316,-0.25023398
317,-0.26239473
318,-0.26359904
319,-0.26559666
320,-0.5297866
321,-0.3514074
322,-0.39380404
323,-0.18569764
324,-0.31859282
325,-0.30072045
326,-0.7424381
327,-0.24494565
328,-0.6355721
329,-0.35066822
330,-0.23474266
331,-0.57837605
332,-0.31594515
333,-0.15383352
334,-0.35272026
335,-0.2732186
336,-0.5237851
337,-0.39029625
338,-0.19841334
339,-0.24725947
340,-0.62797636
341,-0.81840956
342,-1.8007872
343,-1.2171714
344,-0.72575986
345,-0.7530424
346,-1.2954279
347,-0.8914819
348,-0.6870785
349,-0.7196591
350,-0.63274443
351,-0.5841087
352,-0.25807458
353,-0.64320505
354,-0.48723242
355,-0.31329948
356,-0.37768325
357,-0.64243406
358,-0.32135242
359,-0.4068082
360,-0.48260134
361,-0.7168411
362,-0.27832237
363,-0.04173388
364,0.010006927
365,-0.25830713
366,-0.60689074
367,-0.5812717
368,-1.1973759
369,-0.36188754
370,-0.19822331
371,-0.2564758
372,-0.014821127
373,-0.15689203
374,0.051854853
375,-0.13216537
376,-0.245397
377,0.15645757
378,0.12638697
379,-0.15105662
380,-0.049227744
381,-0.3006361
382,-0.015603707
383,-0.023895744
384,-0.13418138
385,-0.3443918
386,-0.25070465
387,-0.36946657
388,-0.8430913
389,-0.66693676
390,-0.23498093
391,-0.28752786
392,-0.16386943
393,-0.19868296
394,-0.37386173
395,-0.4593338
396,-0.2763468
397,-0.3344653
398,-0.40263584
399,-0.099455014
400,-0.3652859
401,-0.031015344
402,-0.01720789
403,-0.13610978
404,-0.025820684
405,-0.04419535
406,-0.0203859
407,0.16413316
408,0.015158345
409,-0.307218
410,-0.8006784
411,-0.6865054
412,-0.46761736
413,-0.24484725
414,-0.2632438
415,-0.29925108
416,-0.47065005
417,-0.024556063
418,-0.12351249
419,-0.41363665
420,-0.021233214
421,-0.14621474
422,-0.3164956
423,-0.4843266
424,-0.36360162
425,-0.6908864
426,-0.9214564
427,-0.63605326
428,-0.8067972
429,-0.48910308
430,-0.6007241
431,-0.98566836
432,-1.3947207
433,-1.4932156
434,-0.59816116
435,-0.41940254
436,-0.514081
437,-0.4380883
438,-1.1040448
439,-0.92212135
440,-1.4755211
441,-0.6465122
442,-1.0801268
443,-0.9001829
444,-0.78208816
445,-0.4481292
446,-0.64892584
447,-0.6450111
448,-0.6896384
449,-0.3172216
450,-0.06462357
451,-0.26462886
452,-0.17431034
453,0.03792813
454,0.08033661
455,-0.08204177
456,-0.11729352
457,0.13702627
458,-0.16933379
459,-0.39246303
460,0.02064786
461,-0.2950238
462,0.03758079
463,-0.010891534
464,0.05287754
465,0.23443566
466,-0.114678286
467,-0.2098711
468,-0.2732635
469,-0.740685
470,-0.33243123
471,-0.19415851
472,-0.09237879
473,-0.27077058
474,-0.52451223
475,-0.3982756
476,-0.5154226
477,-0.9407
478,-0.60736734
479,-0.6208851
480,-2.0882876
481,-1.1912836
482,-1.9105657
483,-2.2803946
484,-1.3616638
485,-2.0926101
486,-1.6715117
487,-0.9912084
488,-0.7268979
489,-1.0985544
490,-0.56253785
491,-0.98913926
492,-0.8221787
493,-0.47077972
494,-1.0325304
495,-1.2726916
496,-1.3742058
497,-0.82047594
498,-0.5524938
499,-0.8459323
500,-0.32772252
501,-0.29163846
502,-0.5779065
503,-0.34499112
504,-0.54334426
