,Z_1,Z_2,Z_3
0,0.7238556,0.25328425,-1.3470317
1,0.12981229,-0.394292,-0.98099256
2,0.4844055,0.052099224,-1.1204207
3,0.33257136,-0.15729491,-1.0888534
4,0.3313377,-0.18941624,-1.1435636
5,0.5494632,-0.0027418218,-1.339647
6,0.4687449,-0.10983872,-1.3244705
7,0.6744578,0.13231046,-1.4358385
8,0.6909298,0.17087653,-1.4261681
9,0.69584113,0.17341447,-1.4197407
10,0.66311467,0.0760044,-1.4957898
11,0.8512512,0.3029572,-1.5870016
12,0.58149564,0.043491367,-1.3812858
13,0.24726361,-0.43175128,-1.3205711
14,0.60088134,0.084505364,-1.3721375
15,0.47783834,0.096603274,-1.090495
16,-0.0037524558,-0.22580448,-0.51891327
17,-0.032261647,-0.43603235,-0.74444866
18,0.17009683,-0.14455497,-0.7760421
19,0.2316593,-0.13598251,-0.89683753
20,-0.2960337,-0.55956763,-0.36305544
21,0.22316886,0.061339606,-0.59075
22,0.47522035,0.18723916,-0.94667137
23,0.66712046,0.3160807,-1.168203
24,0.43272287,-0.052309435,-1.2182759
25,0.27917486,-0.16436256,-1.050535
26,0.48263967,0.048637066,-1.1770042
27,0.50348914,0.07602452,-1.1748444
28,0.38239893,-0.20799834,-1.3439277
29,0.34341815,-0.19373216,-1.2415614
30,0.3852349,-0.19234036,-1.3424062
31,0.29649538,-0.24416241,-1.2224735
32,-0.15503857,-0.91406935,-1.1933984
33,-0.17618696,-0.86525524,-1.0731196
34,-0.028544467,-0.42416373,-0.7765189
35,-1.2590555,-1.3677387,0.56173587
36,-1.3997779,-1.0744376,1.2983719
37,-1.3437374,-1.0720493,1.1959658
38,-2.5716066,-1.7900033,2.9086807
39,-1.5279881,-0.21755913,3.0255008
40,-1.1328441,-0.41669473,1.713573
41,-1.7572576,-0.70416784,2.737615
42,-1.3123711,-0.627898,1.8063672
43,-2.320556,-1.2364211,3.2011821
44,-2.9120207,-1.8248172,3.6962907
45,-3.7435136,-2.4076703,5.2672095
46,-2.5062478,-0.98645324,4.2623
47,-3.878239,-2.5705895,5.290088
48,-4.704524,-3.6738775,6.4937797
49,-2.1007776,-0.3082723,4.5780497
50,-5.475347,-4.781542,6.9446287
51,-4.2480354,-3.040197,6.3525834
52,-4.382181,-3.287296,6.640797
53,-5.16694,-4.2131066,6.409185
54,-4.841748,-3.769448,6.179622
55,-4.4913273,-3.3358645,5.936431
56,-3.1962492,-1.663512,5.629545
57,-3.6880312,-2.3003068,5.946311
58,-3.120434,-1.5978191,5.2472258
59,-4.09644,-2.8255055,5.7244363
60,-3.5143418,-2.1257484,5.112418
61,-3.3042226,-1.9159818,4.807611
62,-3.633338,-2.2078876,5.462885
63,-3.292536,-1.83443,4.997511
64,-2.9197278,-1.3870654,4.775974
65,-2.9473977,-1.6072649,4.261066
66,-3.1590416,-1.8018272,4.5211267
67,-2.4806821,-1.0178916,4.090345
68,-2.4159935,-0.97300255,3.9927
69,-2.508595,-1.0533733,4.1108694
70,-1.8747159,-0.46163738,3.450865
71,-2.4648035,-1.0359957,3.9843347
72,-2.521649,-1.1271787,3.9598455
73,-2.0055575,-0.6279114,3.4584973
74,-2.964628,-1.6294363,4.2333903
75,-3.305759,-1.9149163,4.728077
76,-2.7309492,-1.324724,4.1298037
77,-2.755455,-1.3694406,4.103107
78,-2.0005538,-0.62485665,3.3988273
79,-1.9187751,-0.7279431,3.0135245
80,-2.0048454,-0.8064329,3.0910125
81,-1.4396007,-0.34792304,2.4816651
82,-2.0111165,-0.88466,2.990757
83,-1.9813036,-0.61385953,3.3759015
84,-1.8885747,-0.57008123,3.2024817
85,-1.7778533,-0.5348157,2.9789214
86,-1.9443955,-0.69898355,3.1123931
87,-1.5831261,-0.36722767,2.7700381
88,-1.2559887,-0.2508203,2.1710496
89,-1.502239,-0.66165674,2.1164393
90,-2.1410007,-1.171022,2.7999864
91,-2.3883264,-1.2507738,3.2485158
92,-1.729811,-0.6014051,2.6919076
93,-2.0361004,-1.0540903,2.663274
94,-1.6941482,-0.8776268,2.1757221
95,-2.2828362,-1.5154282,2.5410726
96,-1.7433076,-0.97851324,2.109134
97,-1.9741561,-1.1391232,2.368044
98,-1.8103412,-0.9772889,2.237623
99,-1.7838211,-1.0708586,2.0246007
100,-1.7858044,-1.2003257,1.8359524
101,-2.4716895,-2.002803,2.1705317
102,-2.3624442,-1.9339181,2.057761
103,-2.098967,-1.5305089,2.0494115
104,-1.5088953,-0.8838896,1.7117717
105,-1.4393485,-0.8726285,1.5764065
106,-1.2991894,-0.6640167,1.578253
107,-1.0213368,-0.53094405,1.1778738
108,-1.2760628,-0.7209773,1.4664309
109,-2.099327,-1.6101799,1.9859799
110,-2.2075791,-1.7826157,1.9814006
111,-3.929363,-3.0906425,3.9640112
112,-3.3266068,-2.5476108,3.352875
113,-2.2744796,-1.182364,3.0488183
114,-2.258906,-1.2285594,2.9118876
115,-2.9949841,-2.2137458,3.1021016
116,-2.406619,-1.4686598,2.8574731
117,-3.3595622,-2.7178085,3.130947
118,-2.532302,-1.7305541,2.7353091
119,-2.78764,-2.1511467,2.7129843
120,-2.8246884,-1.9094168,3.1864243
121,-2.2941544,-1.3980396,2.7124052
122,-2.821451,-1.8520061,3.262452
123,-2.0930088,-1.1519917,2.6298368
124,-2.173319,-1.4558254,2.3395836
125,-2.0487182,-1.3826015,2.1667614
126,-1.8504311,-1.1822399,2.0125945
127,-1.8974463,-1.2575626,2.0042026
128,-2.253377,-1.5890408,2.3075535
129,-1.9990417,-1.3577791,2.0822394
130,-2.2030911,-1.5198767,2.292438
131,-2.3036394,-1.7948489,2.1155484
132,-2.9115603,-2.2572327,2.7911317
133,-2.462533,-1.8688334,2.3564181
134,-2.1153908,-1.4817566,2.1465242
135,-2.0670552,-1.4651774,2.0603354
136,-2.0344841,-1.5692058,1.8540518
137,-2.1870854,-1.9486812,1.6536732
138,-1.574825,-1.0697863,1.5647454
139,-1.7309451,-1.3799921,1.4534106
140,-1.7040842,-1.1777133,1.6766827
141,-1.8197037,-1.3025903,1.7505333
142,-1.7508436,-1.3128659,1.5632341
143,-1.708823,-1.1661774,1.6862853
144,-1.3900417,-0.8883937,1.3893209
145,-1.7890147,-1.2616918,1.7121875
146,-1.2746459,-0.7264214,1.3678507
147,-1.9420828,-1.592868,1.5544608
148,-1.4434185,-1.0055392,1.3141594
149,-1.7855315,-1.5491539,1.2684627
150,-1.356182,-1.0401137,1.0802836
151,-1.4761341,-1.1974952,1.0955324
152,-1.7101889,-1.5182871,1.1623234
153,-1.8284366,-1.4654455,1.4912755
154,-1.7309874,-1.5408037,1.1597484
155,-1.7545955,-1.5604185,1.1867741
156,-1.5560485,-1.3067783,1.1070749
157,-1.7886989,-1.681587,1.0946199
158,-1.4514043,-1.2579638,0.9615589
159,-1.9948814,-1.9182688,1.2033023
160,-2.081513,-2.0879886,1.1687174
161,-1.9958528,-2.009697,1.0840998
162,-1.4251572,-1.239882,0.93090117
163,-1.7034497,-1.6180705,1.0010355
164,-1.9186348,-1.7916783,1.2314109
165,-2.3053055,-2.2205966,1.463733
166,-1.8624384,-1.7113413,1.2104682
167,-3.118803,-3.077174,2.023325
168,-1.9799471,-1.5465533,1.6977779
169,-2.6304939,-2.2324417,2.1703672
170,-3.2538555,-2.6614416,2.9304297
171,-2.8563175,-2.3155837,2.5703316
172,-3.2093515,-2.656766,2.8977125
173,-2.5335824,-1.9395425,2.4425356
174,-2.9416275,-2.3689463,2.733203
175,-2.4422102,-1.8843194,2.3126953
176,-2.4572313,-1.994935,2.1975546
177,-2.1585617,-1.6112435,2.0861225
178,-2.4416275,-1.983085,2.1691654
179,-1.8496597,-1.1119409,2.1234016
180,-2.1155202,-1.458663,2.2345176
181,-1.8314546,-0.9006197,2.4400597
182,-1.9770399,-1.1228403,2.4029832
183,-2.2176342,-1.2449327,2.810449
184,-2.2805648,-1.3564754,2.7667809
185,-2.2597506,-1.4671664,2.5550458
186,-1.9475169,-1.0246716,2.494488
187,-2.4427528,-1.6982054,2.6221945
188,-2.8408256,-2.2382147,2.6968436
189,-2.0954876,-1.1902925,2.5836778
190,-2.4802666,-1.6442442,2.7750313
191,-2.0799677,-1.1823379,2.5528462
192,-2.5614738,-1.7670431,2.77914
193,-2.1112354,-1.3216943,2.411005
194,-1.8130662,-1.0873296,2.0878022
195,-1.6363379,-1.0476861,1.7554468
196,-1.984062,-1.5612487,1.769827
197,-2.3470023,-1.9916099,1.940382
198,-2.2109373,-1.7866322,1.9504486
199,-1.8702694,-1.2656504,1.9542232
200,-2.1930077,-1.6814116,2.0581887
201,-2.239081,-1.5025371,2.4295444
202,-2.5755532,-1.983692,2.4657066
203,-2.3553667,-1.7531564,2.3131433
204,-1.9770588,-1.3182797,2.1022694
205,-1.7976252,-1.159487,1.9303054
206,-2.4458025,-1.5954021,2.76463
207,-2.6864989,-1.9304812,2.7969384
208,-3.4519227,-2.4604478,3.846003
209,-3.5545397,-2.849808,3.3735645
210,-2.597865,-1.470974,3.3512244
211,-2.1703134,-1.0747772,2.9738483
212,-2.636371,-1.8400191,2.8238478
213,-1.8758386,-1.1992147,2.0521595
214,-2.0779815,-1.5329219,1.9950165
215,-1.7003207,-1.2414305,1.5937437
216,-2.2202902,-2.0159893,1.6514063
217,-1.9228033,-1.6810555,1.4648802
218,-1.4652658,-1.1719998,1.2021765
219,-1.73582,-1.3523747,1.5175513
220,-1.9285355,-1.8155209,1.3001881
221,-1.1878875,-0.8430377,1.0585345
222,-1.8098733,-1.7003973,1.1857024
223,-2.4751382,-2.5395837,1.4502562
224,-1.6359359,-1.4593223,1.1330959
225,-2.0146246,-1.9179987,1.3298635
226,-1.4559865,-1.2314235,1.0719916
227,-1.3798455,-1.2342619,0.90291584
228,-1.4837704,-1.4321257,0.8635403
229,-1.1622059,-0.98279464,0.79298264
230,-0.9161342,-0.6403542,0.7698887
231,-1.4548721,-1.3436525,0.9321519
232,-1.4391254,-1.3236386,0.9260286
233,-1.1340137,-0.9064091,0.8553557
234,-1.3358064,-1.2613468,0.80510634
235,-1.4833654,-1.424952,0.8947482
236,-1.6755983,-1.7888346,0.81004554
237,-2.322425,-2.5386565,1.1586539
238,-1.9760965,-2.04164,1.0988098
239,-1.5880984,-1.4080367,1.133797
240,-2.7531378,-2.8514574,1.6234016
241,-1.606117,-1.4989598,1.046096
242,-1.9126478,-1.9808989,1.0540488
243,-1.243006,-1.1399254,0.7815861
244,-2.3303792,-2.5654287,1.1460729
245,-1.436404,-1.1049871,1.2340037
246,-1.7150869,-1.5421777,1.22691
247,-2.3253374,-2.5142758,1.1880662
248,-1.5269867,-1.5762924,0.77729964
249,-1.6485628,-1.733566,0.80407405
250,-1.657623,-1.5726383,1.0214535
251,-1.8840201,-1.9504932,1.0079362
252,-1.6698592,-1.6983511,0.8919042
253,-1.972365,-1.7219774,1.5129693
254,-1.6720704,-1.4675876,1.2147398
255,-1.9720801,-1.859038,1.3174798
256,-1.6684846,-1.713935,0.876744
257,-1.5935231,-1.6519916,0.7918788
258,-1.6793286,-1.5140638,1.1528349
259,-2.1640272,-2.2639132,1.1462183
260,-1.855892,-1.9439536,0.9288432
261,-1.9503919,-1.9748886,1.0825953
262,-1.8166028,-1.7237121,1.144127
263,-1.6401986,-1.5464624,1.0046803
264,-1.7126645,-1.7906489,0.83148664
265,-1.7798548,-1.8894976,0.84122247
266,-2.058007,-2.2350404,0.9512916
267,-1.6529942,-1.5317494,1.0497394
268,-1.5789993,-1.35877,1.1211089
269,-2.8217921,-2.2984154,2.4982948
270,-2.7359746,-2.4279635,2.100492
271,-3.1450324,-2.7362695,2.5509672
272,-2.672049,-2.3358464,2.0704284
273,-2.11871,-1.869764,1.537776
274,-2.1288667,-2.0255244,1.3590091
275,-1.1966758,-0.9495324,0.879907
276,-1.596041,-1.5261542,0.89962965
277,-1.1697056,-0.980679,0.7643125
278,-1.6490475,-1.5624406,0.95050806
279,-1.585366,-1.4217033,1.0093
280,-1.6439035,-1.5521755,0.9537348
281,-1.666469,-1.6994456,0.79611933
282,-1.9993196,-2.0720122,1.0083283
283,-1.9207402,-1.9819944,0.9469894
284,-2.039535,-2.0476081,1.1040539
285,-1.7797856,-1.7556692,0.94607687
286,-2.2521474,-2.2192976,1.3370466
287,-2.2726724,-2.306105,1.2864267
288,-1.805004,-1.8360182,0.9373903
289,-2.9529436,-2.7404895,2.143458
290,-3.4620843,-3.5859811,2.0570998
291,-1.3907917,-1.2082813,0.92748535
292,-2.3228219,-2.3347175,1.3466736
293,-2.4794064,-2.3380804,1.6864667
294,-2.1848845,-1.7609426,1.8645221
295,-1.9507154,-1.7865542,1.3158559
296,-2.6903944,-2.6558313,1.7030611
297,-1.9771888,-1.8645236,1.2770927
298,-1.9656643,-1.9417833,1.1367347
299,-1.5327234,-1.4663458,0.8698124
300,-1.7664844,-1.8323528,0.8688467
301,-1.3353133,-1.3498055,0.6169265
302,-1.71164,-1.8644592,0.7235784
303,-1.2764626,-1.3792217,0.4766747
304,-1.9717324,-2.1211839,0.93508977
305,-1.6764336,-1.8311656,0.705171
306,-1.2748108,-1.5015508,0.30859193
307,-1.2034496,-1.2902714,0.42659917
308,-1.8810102,-2.1452062,0.6927378
309,-1.5818206,-1.8680987,0.46511355
310,-0.5845447,-0.6915648,-0.036076326
311,-1.3150884,-1.5401986,0.33172798
312,-0.49386224,-0.55632824,-0.022893947
313,-1.8246591,-2.3429003,0.31727505
314,-0.82014215,-1.1764497,-0.18500446
315,-0.75442797,-1.0591309,-0.17774163
316,-0.63910127,-0.8741572,-0.14710224
317,-0.6758128,-0.9942493,-0.22382726
318,-0.6635782,-0.94831663,-0.1850528
319,-0.68228364,-0.9866226,-0.21807848
320,-0.99946886,-1.3840032,-0.07623685
321,-0.79763883,-1.1439874,-0.20350808
322,-0.82668924,-1.1380242,-0.13015851
323,-0.61580276,-0.9451118,-0.32798648
324,-0.78688985,-1.19518,-0.29968163
325,-0.7005504,-0.934842,-0.13404937
326,-1.2172309,-1.539073,0.14058694
327,-0.6524149,-0.92229104,-0.22987734
328,-1.0743402,-1.3135256,0.12017945
329,-0.79667836,-1.1186748,-0.19776109
330,-0.6224994,-0.82972443,-0.16811721
331,-1.0897065,-1.5238543,-0.12842868
332,-0.7578017,-1.0682987,-0.21653076
333,-0.53835356,-0.770635,-0.26297644
334,-0.7418046,-0.94699854,-0.07925619
335,-0.6510038,-0.86309546,-0.14763196
336,-0.903783,-1.0567135,0.12637696
337,-0.7563422,-0.91136026,0.012623267
338,-0.5498991,-0.7415328,-0.18138851
339,-0.69215816,-1.0640547,-0.3453516
340,-1.0732151,-1.3542974,0.061475642
341,-1.210909,-1.3224978,0.40092716
342,-2.3218486,-2.292365,1.4125805
343,-1.6822956,-1.8112735,0.7221749
344,-1.2304997,-1.6339849,0.020050328
345,-1.2157409,-1.4635768,0.19150539
346,-1.877411,-2.254149,0.53989905
347,-1.2981906,-1.3603927,0.5071549
348,-1.0977508,-1.2477628,0.2386712
349,-1.1717749,-1.4084426,0.17203152
350,-1.1481632,-1.575362,-0.09369518
351,-1.0726068,-1.43376,-0.068440415
352,-0.7056974,-1.0594847,-0.32296866
353,-1.2508866,-1.9352587,-0.33725885
354,-1.0664293,-1.7368308,-0.45631695
355,-0.77983135,-1.1948543,-0.3444898
356,-0.881811,-1.372997,-0.3646563
357,-1.185763,-1.7086754,-0.1720135
358,-0.8469338,-1.4004779,-0.4718842
359,-0.9484329,-1.5440464,-0.43809098
360,-1.022341,-1.6161915,-0.37373784
361,-1.2824092,-1.8849403,-0.18072867
362,-0.8112165,-1.4457873,-0.5809583
363,-0.53862256,-1.1425161,-0.75320584
364,-0.4447035,-0.94265306,-0.6890979
365,-0.7579371,-1.3163769,-0.5176655
366,-1.1671604,-1.8182333,-0.3171931
367,-1.1359245,-1.8066854,-0.38147157
368,-1.8277012,-2.450612,0.1957578
369,-0.828524,-1.3328655,-0.3843098
370,-0.6919585,-1.2843556,-0.6282068
371,-0.77992475,-1.4487139,-0.6695485
372,-0.4878004,-1.0923522,-0.77788997
373,-0.6920192,-1.4249748,-0.80448127
374,-0.41033345,-1.0090005,-0.8244912
375,-0.62718916,-1.2671702,-0.7218429
376,-0.78111273,-1.4825209,-0.69074875
377,-0.2645916,-0.787819,-0.8303494
378,-0.3338625,-0.92349476,-0.87603855
379,-0.6290306,-1.2049892,-0.634342
380,-0.4861819,-0.96815294,-0.6172647
381,-0.70299965,-1.0571693,-0.27880278
382,-0.4682654,-0.9855326,-0.6920868
383,-0.47276768,-0.9625804,-0.6576888
384,-0.5645724,-0.98182833,-0.49060714
385,-0.8585301,-1.4197415,-0.46988517
386,-0.7014424,-1.1431209,-0.41628003
387,-0.7978793,-1.1452107,-0.22532357
388,-1.2294128,-1.3628396,0.39126396
389,-1.1395359,-1.506845,-0.008232915
390,-0.6617378,-1.0270951,-0.36209136
391,-0.73496974,-1.1311407,-0.34223545
392,-0.61549157,-1.0562528,-0.50179994
393,-0.636793,-1.0369639,-0.4251031
394,-0.81187534,-1.174457,-0.24408652
395,-0.95890313,-1.44054,-0.2969781
396,-0.75659215,-1.2301878,-0.43806022
397,-0.7831458,-1.1837122,-0.3167312
398,-0.8183126,-1.1210665,-0.15821047
399,-0.5127001,-0.8783774,-0.47201696
400,-0.8473695,-1.2948332,-0.3473846
401,-0.43412706,-0.80560774,-0.5319829
402,-0.46493056,-0.9290585,-0.64612764
403,-0.5903925,-1.0348629,-0.5316722
404,-0.44591692,-0.846245,-0.56729275
405,-0.49543932,-0.9612176,-0.62145185
406,-0.48158088,-0.9807505,-0.6714832
407,-0.26729143,-0.7352511,-0.7855508
408,-0.4197554,-0.8704055,-0.650541
409,-0.76506156,-1.1869076,-0.3528875
410,-1.2731485,-1.5886239,0.15682006
411,-1.1028512,-1.3267301,0.15987115
412,-0.965677,-1.4065953,-0.2456313
413,-0.7553509,-1.2664244,-0.5099196
414,-0.7790732,-1.3041388,-0.5088161
415,-0.8590636,-1.4910992,-0.589397
416,-0.9972594,-1.5061426,-0.3272113
417,-0.5176911,-1.0558664,-0.71902686
418,-0.639241,-1.1996574,-0.66303414
419,-0.99920726,-1.664375,-0.52505106
420,-0.48497057,-0.9820993,-0.6769331
421,-0.6531472,-1.2227874,-0.6351222
422,-0.88930607,-1.5607812,-0.61471117
423,-1.0368598,-1.602527,-0.37285864
424,-0.86605,-1.3445283,-0.37614575
425,-1.2243812,-1.7137308,-0.121699445
426,-1.4666568,-1.892891,0.14480813
427,-1.1329079,-1.5228522,-0.04712627
428,-1.3293043,-1.7257165,0.092356116
429,-0.9753835,-1.412474,-0.21462283
430,-1.1118762,-1.577204,-0.13838892
431,-1.5192207,-1.9292037,0.24362758
432,-1.841469,-1.902157,0.9695889
433,-2.0156243,-2.1892307,0.93697894
434,-0.93087745,-1.013354,0.2580231
435,-0.8306111,-1.1462488,-0.13063282
436,-0.99247634,-1.431191,-0.1790512
437,-0.8561321,-1.158983,-0.10104668
438,-1.4722681,-1.4852582,0.7649925
439,-1.2550608,-1.228889,0.6407024
440,-1.9524676,-2.0475855,1.0017201
441,-0.98485106,-0.9940649,0.38370988
442,-1.3796558,-1.2506335,0.90848804
443,-1.2397138,-1.250569,0.6002891
444,-1.0904582,-1.0719573,0.5394123
445,-0.7376105,-0.7634556,0.21099047
446,-1.0270745,-1.2011502,0.21869817
447,-0.9618019,-1.0046148,0.34487218
448,-1.0316129,-1.1302917,0.33515847
449,-0.60923606,-0.6738598,0.05960003
450,-0.37136173,-0.5673609,-0.28781644
451,-0.6814301,-1.0554147,-0.30949238
452,-0.5722483,-0.8894855,-0.32554337
453,-0.34375924,-0.6780912,-0.5273732
454,-0.30005753,-0.63946444,-0.57285047
455,-0.53310806,-1.0091183,-0.58011675
456,-0.56378233,-1.0012771,-0.523421
457,-0.24183847,-0.598062,-0.6463667
458,-0.617579,-1.071757,-0.49974418
459,-0.8457897,-1.2383583,-0.25341743
460,-0.3568801,-0.68041813,-0.5187888
461,-0.76433265,-1.2308143,-0.412777
462,-0.3259679,-0.6269342,-0.517716
463,-0.41549537,-0.7861265,-0.556514
464,-0.37342694,-0.8064048,-0.67972475
465,-0.1267006,-0.47288996,-0.7248766
466,-0.5313308,-0.9176839,-0.48893633
467,-0.6353616,-1.0089189,-0.3987044
468,-0.6790422,-1.0050975,-0.3007204
469,-1.2409227,-1.6887443,-0.03079462
470,-0.7377632,-1.0610124,-0.25354716
471,-0.61995846,-1.0106657,-0.43936163
472,-0.47470862,-0.7843827,-0.4333065
473,-0.7184082,-1.1278021,-0.39421952
474,-1.0075302,-1.437541,-0.20019743
475,-0.8445777,-1.2039486,-0.23890899
476,-0.9734529,-1.3505639,-0.15594521
477,-1.4748173,-1.9080491,0.14961925
478,-1.0344671,-1.3408394,0.0036082154
479,-1.0699071,-1.4279177,-0.038047537
480,-2.7830207,-2.9726114,1.4623525
481,-1.6852106,-1.9593023,0.54593736
482,-2.4967682,-2.5738308,1.4048308
483,-2.9122806,-2.8075988,1.9606978
484,-1.6675936,-1.4266555,1.2207948
485,-2.6151595,-2.443971,1.8313113
486,-2.1442842,-2.110914,1.2865466
487,-1.3997622,-1.5257238,0.53470486
488,-1.1319106,-1.3595111,0.2239927
489,-1.5649632,-1.8222514,0.49824563
490,-0.97291833,-1.2688819,0.010854518
491,-1.4186999,-1.6283,0.4675681
492,-1.1281013,-1.0903646,0.5872807
493,-0.83671755,-1.0139086,0.071473554
494,-1.484135,-1.6854236,0.51952213
495,-1.7513628,-1.9091574,0.77241236
496,-1.7762351,-1.7582786,1.0606155
497,-1.1539106,-1.1670669,0.54389244
498,-0.9277829,-1.1077881,0.15247901
499,-1.3906045,-1.8696445,0.07576647
500,-0.7356375,-1.0377619,-0.16505334
501,-0.70229226,-1.0179117,-0.21402626
502,-1.110725,-1.669396,-0.22690621
503,-0.77504426,-1.1440746,-0.22279643
504,-1.0259342,-1.520745,-0.20063853
