,Z_1,Z_2,Z_3,Z_4
0,1.2245075,-1.3427283,-1.1844165,-0.5499927
1,1.4944215,-1.3868586,-0.7285773,-0.0817614
2,1.196771,-1.2356817,-0.9818341,-0.38360402
3,1.3325675,-1.3185924,-0.8770801,-0.26558244
4,1.3718023,-1.3719965,-0.87530106,-0.2718769
5,1.4031526,-1.4539785,-1.0704706,-0.40763175
6,1.430145,-1.4716221,-1.0092521,-0.36409682
7,1.2756615,-1.4055071,-1.1588441,-0.53836477
8,1.186935,-1.347223,-1.1589708,-0.5794102
9,1.2214744,-1.3652774,-1.1706011,-0.5644204
10,1.3337655,-1.4815363,-1.1563891,-0.5450076
11,1.1474326,-1.3878107,-1.2951922,-0.7217363
12,1.1982913,-1.3421427,-1.0702947,-0.51985115
13,1.575489,-1.5806972,-0.85072005,-0.22823727
14,1.1223379,-1.2873912,-1.079441,-0.55341655
15,0.8893291,-1.0227991,-0.9354412,-0.48683745
16,0.70374924,-0.6964436,-0.48518115,-0.16652904
17,1.0823497,-1.0306901,-0.52151144,-0.097794585
18,0.8308921,-0.8715732,-0.656317,-0.27803305
19,0.9186733,-0.97507656,-0.7217162,-0.31030932
20,0.8475654,-0.7425109,-0.2505341,0.049727097
21,0.5823712,-0.63647515,-0.65280086,-0.319613
22,0.7541749,-0.87386656,-0.9009273,-0.47902435
23,0.8618745,-1.0197198,-1.0798697,-0.58749557
24,1.0386032,-1.1760874,-0.92673737,-0.46617946
25,0.9686636,-1.0702043,-0.7909607,-0.3771306
26,0.9395915,-1.0863912,-0.955339,-0.5031184
27,0.9366871,-1.085604,-0.9748989,-0.5152709
28,1.1238009,-1.2991419,-0.92511034,-0.4846892
29,1.0286937,-1.2007871,-0.8748281,-0.46960747
30,1.0232192,-1.2422606,-0.91890645,-0.5307686
31,0.9826888,-1.1619958,-0.8388606,-0.46321905
32,1.4950501,-1.5020114,-0.55101186,-0.0903691
33,1.3898267,-1.3838499,-0.509607,-0.075862415
34,0.80201197,-0.877401,-0.52785885,-0.24254535
35,0.72833914,-0.31040478,0.5611834,0.7046844
36,-0.04899117,0.43551788,0.8224965,0.7179785
37,0.07268045,0.31015635,0.7604315,0.6941131
38,-0.6740604,1.4820185,1.961948,1.5553061
39,-1.4900223,2.1570232,1.354678,1.0267682
40,-0.50268793,0.89377713,0.7238645,0.6385247
41,-0.99356365,1.626858,1.4070226,1.1149951
42,-0.38984156,0.81661,0.85789293,0.7494038
43,-1.3077316,1.9473593,1.9025015,1.3335148
44,-1.4749014,2.207599,2.3830543,1.6367613
45,-2.8567965,3.9129963,3.4273043,2.1183553
46,-2.6000354,3.218573,2.396455,1.2910411
47,-2.8457928,3.9133554,3.5211618,2.1845171
48,-3.7152336,5.4509764,4.4338365,2.8004456
49,-3.2396672,3.873958,2.3458197,0.99495226
50,-4.0640745,6.0404587,4.9154763,3.032195
51,-4.027008,5.5053544,4.206325,2.231797
52,-4.374716,6.008065,4.4015684,2.0752442
53,-3.7963564,5.344658,4.5454955,2.7043502
54,-3.6289992,4.9928575,4.3235784,2.5385475
55,-3.2084062,4.6137915,4.052926,2.5952172
56,-3.2607844,4.535008,3.3323836,2.0408688
57,-3.3959868,4.84542,3.7235386,2.334628
58,-2.819805,4.025561,3.088843,2.0442247
59,-2.9670167,4.3910103,3.7854738,2.5472856
60,-2.7840445,3.7868905,3.2436545,1.9946774
61,-2.6229312,3.49177,2.9996111,1.8060594
62,-3.3799007,4.398547,3.4579957,1.8686062
63,-3.0747962,3.862315,3.0731514,1.6188908
64,-3.0904257,3.729611,2.7793844,1.3216935
65,-2.341569,2.9409318,2.5989723,1.458501
66,-2.439111,3.1589673,2.8304636,1.6501924
67,-2.4972289,2.969499,2.297931,1.1433101
68,-2.3775496,2.8488224,2.226177,1.1385193
69,-2.4593003,2.9567425,2.321056,1.187383
70,-2.228878,2.5072103,1.711443,0.7423701
71,-2.4606633,2.8736088,2.2500582,1.0815889
72,-2.3823323,2.7956254,2.2679474,1.1179258
73,-2.2958386,2.5062273,1.7957793,0.7195183
74,-2.367332,2.9162145,2.6182923,1.425344
75,-2.850659,3.4752793,2.9933274,1.5371252
76,-2.691723,3.0466168,2.462066,1.0785495
77,-2.661893,2.999894,2.4562542,1.075674
78,-2.5391974,2.5534787,1.7794218,0.47866023
79,-2.0084825,2.0462148,1.5933007,0.55136144
80,-1.9950013,2.0998087,1.6743181,0.65281993
81,-1.6948509,1.6676778,1.1356373,0.32471743
82,-1.7380946,1.9152073,1.6334702,0.74700123
83,-2.4123273,2.52844,1.7572789,0.58910316
84,-2.3468256,2.394782,1.6432096,0.49161863
85,-2.1829915,2.1783369,1.4986726,0.41854697
86,-2.232524,2.27055,1.6394567,0.51621443
87,-2.1875892,2.0879803,1.3134896,0.23961
88,-1.7824296,1.570125,0.9340055,0.045985
89,-1.3235924,1.283211,1.0605115,0.3412486
90,-1.6074835,1.7446042,1.6550478,0.7487266
91,-2.1824617,2.302038,1.9526418,0.76452637
92,-2.225281,2.0917594,1.3961277,0.23946151
93,-1.9962032,1.9069424,1.5795907,0.43724686
94,-1.5478112,1.438579,1.2191241,0.3236468
95,-1.4607073,1.5222901,1.6789314,0.72321254
96,-1.6248782,1.4462748,1.2437449,0.26240793
97,-1.8770591,1.6901964,1.4650909,0.320972
98,-1.9371793,1.6659801,1.3272687,0.16505851
99,-1.7732843,1.4861264,1.2580556,0.14997418
100,-1.4676017,1.2329568,1.21052,0.22799395
101,-1.2118266,1.1784054,1.7094572,0.7028374
102,-1.0415865,1.0248992,1.6069028,0.68424416
103,-1.3889456,1.2501388,1.4585867,0.45357537
104,-1.4903977,1.2023774,0.9971964,0.069462694
105,-1.4019898,1.0872446,0.92224663,0.022546612
106,-1.4815708,1.1577291,0.83245176,-0.048785895
107,-1.15195,0.82876843,0.55321985,-0.14060283
108,-1.2026657,0.9802783,0.7834912,0.05306676
109,-0.9080204,0.9607988,1.4306194,0.6602256
110,-0.6787199,0.81014794,1.4891934,0.78334785
111,-1.6226441,2.2160718,3.024187,1.8418909
112,-1.540531,1.8694183,2.5287938,1.3825661
113,-2.2054615,2.2033603,1.8491602,0.59851164
114,-2.2320817,2.1634424,1.80421,0.50893646
115,-1.5528498,1.7652177,2.2674642,1.1422441
116,-2.1305666,2.0316453,1.8682216,0.5509842
117,-1.4034524,1.6401922,2.4726968,1.2995312
118,-1.8772008,1.8071148,1.8987024,0.65171105
119,-1.3018419,1.4327668,2.027203,0.9876888
120,-1.962294,2.0830781,2.1907756,0.94473416
121,-2.0471628,1.9217371,1.7515876,0.48738647
122,-2.171806,2.2486818,2.2165523,0.8730036
123,-2.1670775,1.981304,1.6070685,0.3262483
124,-1.724773,1.5664386,1.5711038,0.43296874
125,-1.6352818,1.4225844,1.4537342,0.34420723
126,-1.7202313,1.4110388,1.2975403,0.16528259
127,-1.6741129,1.3810713,1.3275336,0.20190848
128,-1.6623828,1.4951414,1.6264008,0.467758
129,-1.6088607,1.3792179,1.4092858,0.31122375
130,-1.6774949,1.5042535,1.5938238,0.44286337
131,-1.2827181,1.1551391,1.608321,0.5574699
132,-1.5065559,1.5567416,2.1497774,0.9573774
133,-1.4366633,1.3486028,1.7707189,0.6515793
134,-1.633403,1.3823767,1.5106062,0.3427958
135,-1.5990007,1.3248937,1.4583527,0.30280784
136,-1.2580227,1.0153472,1.3799953,0.34411138
137,-0.67039543,0.5762588,1.4205943,0.57088643
138,-1.4015977,1.0315075,1.0273219,0.028848095
139,-1.0713611,0.7628396,1.100922,0.17354886
140,-1.4226613,1.0871037,1.1464077,0.11790309
141,-1.4451373,1.1029608,1.2347912,0.1564939
142,-1.380228,0.9735778,1.1538308,0.07471976
143,-1.5918947,1.1657308,1.1565969,0.02013752
144,-1.5913568,1.0385373,0.8837036,-0.22834079
145,-1.6487325,1.1873618,1.2161688,0.013105264
146,-1.7333981,1.1152779,0.81075233,-0.34914425
147,-1.351565,0.9179497,1.278281,0.12568967
148,-1.6025759,1.0109998,0.90977645,-0.24767162
149,-1.2352983,0.7329144,1.1144881,0.0020075259
150,-1.3905,0.7671509,0.79709464,-0.29417822
151,-1.3924072,0.7625377,0.88331795,-0.25299168
152,-1.1131276,0.62234664,1.0329893,-0.012036962
153,-1.4134756,0.94453686,1.1872243,0.03879601
154,-1.1748438,0.6494117,1.0521091,-0.03901027
155,-1.164156,0.6456592,1.0726209,-0.022048093
156,-1.363866,0.7465927,0.9299399,-0.21122375
157,-0.98779184,0.50934964,1.0589103,0.031705614
158,-1.2228131,0.622087,0.82456726,-0.23021615
159,-0.8744595,0.4807567,1.2131473,0.1985302
160,-0.5827386,0.29079208,1.2466066,0.3372563
161,-0.64055157,0.29045233,1.177613,0.24767615
162,-1.1799369,0.57550776,0.80446136,-0.23596619
163,-0.92267853,0.4293284,0.98943585,-0.008043002
164,-0.90891063,0.504357,1.1777711,0.16408311
165,-0.6790129,0.44113287,1.4675349,0.4842697
166,-1.0503587,0.5501869,1.1561273,0.05241792
167,-0.26856673,0.35863614,2.0653133,1.1191319
168,-1.5697669,1.0439199,1.3429341,0.049686134
169,-1.3182472,1.0084735,1.8384039,0.537988
170,-1.5867064,1.5528827,2.3832917,1.020568
171,-1.4446386,1.3390352,2.0495172,0.80024725
172,-1.2621143,1.4171201,2.3209498,1.1796807
173,-1.5045959,1.3819512,1.8133111,0.6389427
174,-1.3703873,1.4145452,2.1202612,0.96471876
175,-1.5124166,1.3310698,1.7252451,0.54262227
176,-1.2089534,1.0883769,1.6934117,0.6246094
177,-1.4731262,1.2132244,1.4911656,0.3611632
178,-1.236916,1.0876333,1.6790806,0.59204775
179,-1.950727,1.5519664,1.3149947,0.05316616
180,-1.6873504,1.4096962,1.4901459,0.30367985
181,-2.1997244,1.8655181,1.3773454,0.074901566
182,-2.1900458,1.7977798,1.465306,0.08146656
183,-2.2902691,2.0472815,1.7194587,0.31311822
184,-2.2330697,1.9782468,1.748404,0.3353425
185,-1.9188313,1.6592034,1.6731786,0.37139952
186,-2.258319,1.8909613,1.4834933,0.08870344
187,-1.7593929,1.6049265,1.809127,0.5608027
188,-1.4421725,1.397298,2.0653574,0.85157627
189,-2.2149248,1.9009501,1.5940256,0.20517929
190,-2.0421708,1.83987,1.879671,0.49893272
191,-2.188203,1.900362,1.5801927,0.22274041
192,-1.8394654,1.7529972,1.9298211,0.6608899
193,-1.929442,1.67127,1.5629971,0.2994689
194,-1.8136863,1.4820176,1.2923576,0.11869032
195,-1.5011516,1.1692239,1.0918797,0.07451798
196,-1.0904391,0.9121581,1.3212794,0.38696414
197,-0.8829268,0.8487096,1.5944775,0.6754657
198,-0.99797916,0.95383465,1.5099816,0.60635424
199,-1.4400089,1.2555559,1.3029968,0.31322083
200,-1.2252178,1.140133,1.5277945,0.55041254
201,-1.7071799,1.6111856,1.6510563,0.5238375
202,-1.3747118,1.4017657,1.8630667,0.7977115
203,-1.4176327,1.3785928,1.6981595,0.6465121
204,-1.59204,1.4255067,1.4141266,0.36131662
205,-1.5939426,1.3586124,1.2632952,0.22550227
206,-1.915919,1.925794,1.8793982,0.6874654
207,-1.6835976,1.7807413,2.0300386,0.88896596
208,-2.0712426,2.515273,2.7723525,1.4884464
209,-1.5801157,1.9481344,2.6828642,1.4802564
210,-2.494966,2.5848925,2.1517406,0.7440219
211,-2.311737,2.3236268,1.7716533,0.52626306
212,-1.762127,1.8548851,2.000011,0.854783
213,-1.6178299,1.4443692,1.3370644,0.31026116
214,-1.3950655,1.2199428,1.4516582,0.41434956
215,-1.3041857,1.0037094,1.110979,0.14601806
216,-0.5267868,0.57319665,1.4230247,0.7006506
217,-0.75545186,0.6423773,1.2041361,0.42844737
218,-0.9334239,0.6592599,0.8481101,0.087227754
219,-1.0814523,0.862507,1.1013443,0.2446816
220,-0.4301942,0.36108705,1.1523852,0.47981066
221,-1.1505761,0.7180391,0.6436263,-0.18053044
222,-0.5909286,0.40103933,1.0611625,0.31399202
223,0.013577038,0.1251748,1.5162127,0.8893161
224,-0.82126147,0.5225653,0.952968,0.13979362
225,-0.4752772,0.39178902,1.2166523,0.49660328
226,-0.8868747,0.5515749,0.8225197,0.032926854
227,-0.8113246,0.43816686,0.73928404,-0.033050615
228,-0.5205914,0.24549162,0.78642637,0.10851939
229,-0.89008784,0.45078117,0.57859415,-0.18304005
230,-1.0320209,0.5749075,0.39257002,-0.31143343
231,-0.63331926,0.3437363,0.78469366,0.080671884
232,-0.64403,0.35334557,0.76780456,0.07023378
233,-0.9332151,0.5257993,0.55847335,-0.17332417
234,-0.5167402,0.24256793,0.6665522,0.04762606
235,-0.3899001,0.20203865,0.77818334,0.19016968
236,0.053798627,-0.10605243,0.87007016,0.39956132
237,0.5704382,-0.29371777,1.341068,0.9710615
238,0.100612044,-0.024888277,1.1291605,0.64221567
239,-0.5447361,0.38847953,0.91139966,0.26677796
240,0.49726295,-0.07809602,1.7259431,1.2697698
241,-0.35612118,0.24664602,0.8967549,0.32043183
242,0.19964227,-0.100816965,1.0766469,0.6446894
243,-0.4143517,0.1911033,0.6004084,0.06599026
244,0.755745,-0.41282386,1.3412355,1.0449202
245,-0.84583384,0.6274709,0.8450109,0.14329508
246,-0.4383064,0.3601417,1.0117726,0.39526093
247,0.61191064,-0.30738202,1.364924,1.0082866
248,-0.027555484,-0.056748353,0.78060114,0.31789947
249,0.01974786,-0.08190021,0.8718691,0.38792035
250,-0.4618643,0.27314883,0.9491217,0.26879558
251,0.045233347,-0.02887509,1.0659977,0.554734
252,-0.1405739,0.050958488,0.9090749,0.36575648
253,-0.62220484,0.5857851,1.247902,0.5315052
254,-0.6284583,0.48210746,0.99193925,0.30754355
255,-0.30523825,0.31826937,1.2008393,0.5856961
256,-0.063000955,-0.0072246846,0.90502375,0.39183423
257,-0.11977329,-0.0064793043,0.8415268,0.30676243
258,-0.6206088,0.43552878,0.9929955,0.27684805
259,0.090649426,-0.021686075,1.2828894,0.7191363
260,-0.07397182,-0.0062135085,1.0429221,0.4555201
261,-0.21118829,0.138162,1.141573,0.4957045
262,-0.49720097,0.333898,1.0761219,0.3551925
263,-0.59474593,0.34204078,0.9339152,0.19746034
264,-0.21354993,0.029040579,0.93235517,0.29824048
265,-0.122770816,-0.030030983,0.97141254,0.35494733
266,0.06950333,-0.120018035,1.16677,0.563174
267,-0.71575284,0.4013286,0.95195496,0.14228985
268,-0.98386705,0.5926231,0.9329459,0.03029076
269,-1.3507031,1.3722707,2.0144105,0.8895311
270,-0.89060175,0.9051759,1.8647045,0.8741422
271,-1.0783296,1.2095337,2.2189696,1.1309803
272,-1.1098466,1.011099,1.8289346,0.73341155
273,-1.0608082,0.76947814,1.3689256,0.33362955
274,-0.70063454,0.47845155,1.3171289,0.4116584
275,-1.1868243,0.61904514,0.6254518,-0.30758134
276,-0.89592934,0.41409528,0.89305514,-0.053005513
277,-1.157976,0.5549743,0.5888093,-0.3520052
278,-0.9483377,0.46663368,0.9452925,-0.03372145
279,-1.1414269,0.6104652,0.9203711,-0.116897576
280,-0.99303406,0.48507982,0.9394966,-0.064441
281,-0.7443051,0.26475388,0.9179334,-0.019709425
282,-0.5387531,0.22566068,1.1486292,0.2649721
283,-0.64056134,0.2508809,1.1003008,0.16375601
284,-0.70717144,0.356625,1.2168299,0.24737287
285,-0.87213564,0.4119132,1.020701,0.033980027
286,-0.6371834,0.43049303,1.3854523,0.46362156
287,-0.35617054,0.24597022,1.3770168,0.5680126
288,-0.5574526,0.23735556,1.0074081,0.18046881
289,-0.6168323,0.78480995,1.9837676,1.0825126
290,0.3917433,0.14859504,2.2296727,1.6074663
291,-1.0603828,0.5942446,0.7392642,-0.14605711
292,-0.40949184,0.33179867,1.4144245,0.6093729
293,-0.64542556,0.6256157,1.5925363,0.7193491
294,-1.3142853,1.1355402,1.4723393,0.43223932
295,-0.84981924,0.60603964,1.1917397,0.30214572
296,-0.24831638,0.39909372,1.7221836,0.9704942
297,-0.70386106,0.5051,1.1935145,0.3572927
298,-0.5737241,0.3512349,1.1548125,0.3355846
299,-0.8260412,0.40629843,0.8290385,-0.030235592
300,-0.48860133,0.17212205,0.9698896,0.1699263
301,-0.7017895,0.2373667,0.6403065,-0.15051362
302,-0.224986,-0.016982678,0.8904455,0.21975996
303,-0.42160654,0.040626455,0.554609,-0.092508584
304,-0.050400887,-0.022339307,1.0964444,0.48491547
305,-0.162513,-0.03599715,0.85458803,0.24514492
306,-0.080052905,-0.2099426,0.51752514,0.0011120472
307,-0.43797356,0.07763249,0.51427567,-0.09927199
308,0.17456894,-0.21839234,1.0005443,0.4807182
309,0.23476315,-0.3192996,0.74265283,0.32268992
310,-0.4461583,-0.055755485,0.0026279371,-0.48012397
311,-0.0019885586,-0.20165442,0.5615044,0.10205184
312,-0.43671584,-0.0120277945,-0.06188004,-0.46842054
313,0.8144086,-0.71461135,0.867771,0.6096366
314,0.2343184,-0.5171461,0.110908575,-0.16595495
315,0.03297313,-0.3967937,0.089502215,-0.27148193
316,-0.07363212,-0.29631907,-0.0006138173,-0.33117187
317,0.16410235,-0.4710857,-0.003009299,-0.2514481
318,0.101786606,-0.42922267,-0.0035748514,-0.27582365
319,0.0715677,-0.4420804,0.01938492,-0.30533552
320,0.37765664,-0.58556306,0.24630082,-0.01902823
321,0.14101766,-0.4964296,0.11384568,-0.2386409
322,0.109668106,-0.43819064,0.14106146,-0.20389222
323,0.00717502,-0.45633343,-0.025849536,-0.40072528
324,0.24857982,-0.60022366,0.08356822,-0.2350617
325,-0.14305204,-0.2838039,0.07451287,-0.34499052
326,0.24767746,-0.42506808,0.46105692,0.10348406
327,-0.10745084,-0.34296745,0.03410777,-0.38125253
328,-0.076664224,-0.24668106,0.38989335,-0.09180364
329,0.011948593,-0.42098567,0.13501617,-0.28115755
330,-0.25105894,-0.23464444,0.030318258,-0.4287146
331,0.32968295,-0.57872903,0.32525367,-0.014293538
332,-0.045840457,-0.3745336,0.10023856,-0.31328917
333,-0.20192789,-0.29365817,-0.052356433,-0.47176504
334,-0.20651437,-0.22671477,0.1259158,-0.32945555
335,-0.17642413,-0.26254684,0.04465528,-0.37079355
336,-0.20385587,-0.14326607,0.26526263,-0.18538113
337,-0.24860926,-0.15304454,0.14535514,-0.29644963
338,-0.17458008,-0.26787546,-0.03603988,-0.41325712
339,0.107944876,-0.5252026,0.027735418,-0.32822573
340,0.06848496,-0.34323815,0.36810496,-0.042406503
341,-0.2195139,-0.030776642,0.5360504,0.031387325
342,-0.25006825,0.34991676,1.47037,0.7994208
343,-0.091032244,0.0031189024,0.9092778,0.37287724
344,0.3809126,-0.54443383,0.44815966,0.12943462
345,-0.06309909,-0.21926953,0.499008,0.0054310425
346,0.51155734,-0.45152694,0.97151643,0.5943591
347,-0.4219147,0.1053133,0.6275453,0.0008197169
348,-0.31096834,-0.065253526,0.43156233,-0.13346319
349,-0.101849124,-0.20881389,0.4610668,-0.041001894
350,0.3021493,-0.5530201,0.37161374,0.010224428
351,0.100576624,-0.41944915,0.33915114,-0.0863162
352,0.03329638,-0.45808735,0.04219436,-0.33467817
353,1.003579,-1.0493686,0.35287327,0.25852036
354,0.9213777,-1.0361122,0.2096496,0.11731777
355,0.21899278,-0.5657902,0.08028956,-0.22931118
356,0.41556424,-0.70385695,0.12877443,-0.13193707
357,0.6233957,-0.7644093,0.3607228,0.13241528
358,0.55940425,-0.8306596,0.07740403,-0.12744223
359,0.7465801,-0.9282929,0.1378883,0.00090397336
360,0.8225979,-0.9481094,0.1943932,0.08690103
361,0.97014046,-0.96635807,0.39701837,0.31770957
362,0.87962466,-1.0458789,0.005367314,-0.035176124
363,0.69859505,-0.98487717,-0.20383261,-0.26383546
364,0.41457587,-0.7843367,-0.23879597,-0.38659215
365,0.70005095,-0.89382464,-0.016915454,-0.092974864
366,1.1275307,-1.0826592,0.27666909,0.3152885
367,1.1401892,-1.1252857,0.25063574,0.28284276
368,1.2723898,-0.9960534,0.8288588,0.8089844
369,0.7075345,-0.8367528,0.055741686,0.0057529043
370,0.7554661,-0.96884114,-0.07267893,-0.124980144
371,0.96195745,-1.1064547,-0.0236745,-0.015946412
372,0.83042985,-1.0455049,-0.25045055,-0.2089031
373,1.135963,-1.2642083,-0.13166255,-0.030134892
374,0.8242391,-1.0638654,-0.3133166,-0.26278913
375,0.92392284,-1.1002617,-0.15573296,-0.11354703
376,1.101737,-1.2151413,-0.049103897,0.017429711
377,0.6130321,-0.947494,-0.4021027,-0.41454098
378,0.72215784,-1.0376297,-0.36537293,-0.36839134
379,0.80050164,-0.9969489,-0.12453421,-0.13515057
380,0.5235632,-0.8279941,-0.20370096,-0.3009286
381,0.38413322,-0.5964234,0.014029612,-0.12900087
382,0.590529,-0.8948445,-0.22183764,-0.3038227
383,0.47527122,-0.81349677,-0.20806524,-0.33809507
384,0.3632002,-0.67652524,-0.10814627,-0.28057644
385,0.7158571,-0.9091099,0.081942886,-0.041661013
386,0.44958895,-0.7096932,-0.011977112,-0.17653023
387,0.26522386,-0.5220212,0.10683763,-0.13702738
388,0.012619318,-0.12471546,0.52760154,0.17098875
389,0.40098184,-0.5326523,0.37885642,0.12185405
390,0.23600873,-0.56488436,-0.00858669,-0.25718445
391,0.31889468,-0.60554725,0.032551616,-0.18996106
392,0.31521112,-0.6882937,-0.06518489,-0.30926862
393,0.25266343,-0.618678,-0.035863776,-0.29698044
394,0.23565386,-0.53095347,0.11418752,-0.16226473
395,0.5052047,-0.71926683,0.19096844,-0.024890542
396,0.4347418,-0.7310091,0.03468568,-0.18280035
397,0.31210208,-0.60456955,0.07635746,-0.17119698
398,0.121025965,-0.424099,0.13886556,-0.16905838
399,0.14764184,-0.558834,-0.12999733,-0.39198405
400,0.3455534,-0.64478886,0.116801664,-0.1509971
401,0.16695105,-0.5854714,-0.19780831,-0.42993647
402,0.29486686,-0.71455073,-0.20277533,-0.4185401
403,0.26587754,-0.6593925,-0.09609699,-0.3458005
404,0.17454131,-0.61146367,-0.20170563,-0.4464292
405,0.29908687,-0.7065844,-0.19008747,-0.40010563
406,0.38617885,-0.7818213,-0.21397728,-0.39335093
407,0.2669745,-0.7492043,-0.37582028,-0.56190836
408,0.27918667,-0.7068115,-0.24774559,-0.44957685
409,0.31667227,-0.61607814,0.036814455,-0.19320156
410,0.22147053,-0.36729833,0.48967737,0.15243736
411,0.01343957,-0.2314739,0.3813738,0.015621633
412,0.3540628,-0.62767434,0.2050175,-0.08239054
413,0.3859489,-0.7384756,0.011828994,-0.24288425
414,0.4220429,-0.7612634,0.021343557,-0.22180183
415,0.70296836,-0.9606079,0.046915725,-0.10744858
416,0.50501186,-0.72995776,0.20694493,-0.024347914
417,0.4223863,-0.8315989,-0.18968596,-0.389955
418,0.4739502,-0.8458827,-0.0973443,-0.30674055
419,0.8314949,-1.0097655,0.14215264,0.02372799
420,0.37126398,-0.77270514,-0.20933522,-0.39951947
421,0.60253495,-0.89272565,-0.10955581,-0.22919272
422,0.82557285,-1.0458982,0.05370767,-0.05832217
423,0.6087108,-0.8280586,0.21723996,-0.0032235084
424,0.37113696,-0.67078775,0.101146996,-0.15616103
425,0.5734943,-0.71145916,0.3954083,0.14848669
426,0.5064447,-0.55196977,0.61082965,0.3260862
427,0.3216918,-0.49430817,0.34150347,0.06289204
428,0.40672892,-0.49776328,0.500739,0.21936399
429,0.46355003,-0.6486465,0.19478141,-0.0073298654
430,0.6067194,-0.7039281,0.29044947,0.13133304
431,0.6689783,-0.59898645,0.6367974,0.45404
432,0.097472206,0.04738838,1.0213693,0.64209497
433,0.36684293,-0.1564114,1.1375468,0.78058827
434,-0.16379732,-0.060924318,0.28361973,-0.06943756
435,0.2931226,-0.4943935,0.12078341,-0.08054082
436,0.5856649,-0.7029895,0.20494433,0.06816222
437,0.25355256,-0.459506,0.14169966,-0.07744573
438,-0.06814233,0.07637261,0.7490454,0.36553657
439,-0.2970839,0.18399394,0.58735305,0.15967642
440,0.21251573,-0.011147482,1.1119964,0.7409395
441,-0.44738787,0.1560446,0.36387733,-0.12041422
442,-0.40692067,0.32881466,0.72364336,0.2435742
443,-0.17159326,0.0595877,0.56399184,0.16211365
444,-0.250767,0.09137687,0.44984347,0.055598345
445,-0.26619536,-0.03430617,0.15241651,-0.21429747
446,0.09535443,-0.2672168,0.34107396,0.02970021
447,-0.1728849,-0.046811998,0.3398616,-0.042609498
448,0.013226807,-0.15754543,0.36893702,0.056433693
449,-0.22650988,-0.11068277,0.042166613,-0.29664916
450,0.0367669,-0.41811255,-0.19600043,-0.4211077
451,0.3725686,-0.65257245,-0.011140827,-0.20081569
452,0.14682387,-0.52273834,-0.07749387,-0.34111252
453,0.09118805,-0.55635285,-0.2601069,-0.51377004
454,0.07306581,-0.56300884,-0.2913302,-0.55205005
455,0.4784242,-0.82178575,-0.14982112,-0.31294966
456,0.3326416,-0.71678394,-0.10403999,-0.34007427
457,0.10125297,-0.59986037,-0.33736515,-0.5801674
458,0.4231515,-0.74605817,-0.06873223,-0.26189327
459,0.2931103,-0.58426946,0.13678806,-0.14328386
460,0.04823744,-0.5250376,-0.2350963,-0.51577157
461,0.4491446,-0.74075514,0.041282084,-0.17456809
462,-0.028287403,-0.47814482,-0.25192538,-0.5553795
463,0.084956944,-0.5661311,-0.20099957,-0.4965841
464,0.15421654,-0.6574943,-0.25331217,-0.5335947
465,-0.027816989,-0.5553627,-0.43217355,-0.7103881
466,0.12351765,-0.5823857,-0.11662357,-0.43003902
467,0.10486596,-0.5330094,-0.032790527,-0.36321643
468,0.045751058,-0.4530889,0.020190205,-0.32599047
469,0.55132157,-0.6584987,0.42510128,0.18826637
470,0.0815165,-0.44769794,0.07042672,-0.26311642
471,0.12766182,-0.557886,-0.042869765,-0.36892256
472,-0.07517597,-0.42028075,-0.13610145,-0.49360642
473,0.16077375,-0.5625748,0.02601776,-0.30771992
474,0.29903984,-0.5916406,0.2465964,-0.08800892
475,0.03566557,-0.4508738,0.1440853,-0.27052486
476,0.15681955,-0.49443805,0.23799595,-0.14228064
477,0.45886755,-0.5679324,0.62033516,0.2756515
478,0.12696616,-0.3958434,0.30329663,-0.05803664
479,0.2648182,-0.49844292,0.31244755,-0.0076492336
480,0.5361083,-0.10553561,1.719802,1.2830672
481,0.3718822,-0.32729003,0.83174103,0.4968685
482,0.14911737,0.12534893,1.5416144,1.0213871
483,-0.15221334,0.5117178,1.9361168,1.2605067
484,-0.81592655,0.64200884,1.0064975,0.27097762
485,-0.41600472,0.5973997,1.7201177,0.98525524
486,-0.25343496,0.291739,1.3083835,0.67089707
487,-0.080977365,-0.07035086,0.6501152,0.19527937
488,0.12921661,-0.3021541,0.39435974,0.06734923
489,0.339948,-0.33273745,0.73622,0.41545954
490,0.24969654,-0.44072303,0.23524247,-0.013544104
491,0.21623082,-0.25998372,0.6225823,0.30052292
492,-0.38418996,0.17126983,0.4792043,0.015606968
493,-0.076672845,-0.20917256,0.16408971,-0.1684062
494,0.14021687,-0.19812497,0.6806045,0.30926228
495,0.09493087,-0.08319503,0.9129031,0.4789684
496,-0.113519065,0.17901959,0.98938155,0.53658557
497,-0.28197342,0.08426346,0.4770603,0.040650576
498,0.005157983,-0.24355587,0.22965497,-0.0843232
499,0.66908133,-0.7147404,0.5088267,0.29666
500,0.15383896,-0.45969155,0.03854875,-0.22242798
501,0.15610865,-0.47894734,0.013119808,-0.25113413
502,0.8162272,-0.8892338,0.24901399,0.15810347
503,0.33926708,-0.57411295,0.04253733,-0.13964865
504,0.7406156,-0.82582176,0.20957172,0.120594844
