,Z_1,Z_2
0,-0.49922946,0.8987307
1,0.14673717,0.2827024
2,-0.24597827,0.6443539
3,-0.079212554,0.49591857
4,-0.06470763,0.5064542
5,-0.30004427,0.73222023
6,-0.21674845,0.65978765
7,-0.44375557,0.87029195
8,-0.46314263,0.8890153
9,-0.47141033,0.8894042
10,-0.42533812,0.8742583
11,-0.6395848,1.0597453
12,-0.33593988,0.7827592
13,0.022639567,0.46537888
14,-0.36547175,0.8048035
15,-0.24507064,0.6511951
16,0.26179546,0.119557194
17,0.31147662,0.11890349
18,0.09203881,0.31637022
19,0.023027735,0.39933136
20,0.570204,-0.17442642
21,0.021011837,0.3463402
22,-0.23320244,0.6248652
23,-0.43155295,0.8248217
24,-0.18398663,0.63666785
25,-0.027766973,0.4730686
26,-0.24534431,0.6745933
27,-0.26540914,0.6900138
28,-0.14370006,0.6275694
29,-0.10393034,0.57813305
30,-0.15965895,0.6435258
31,-0.062029097,0.5350806
32,0.4239804,0.103535645
33,0.4373777,0.065919206
34,0.27243167,0.16081634
35,1.4835141,-1.1881671
36,1.5603601,-1.3621538
37,1.5025808,-1.2957263
38,2.398424,-2.2941804
39,1.7648733,-1.7953714
40,1.3481854,-1.229539
41,1.9033426,-1.852216
42,1.49875,-1.3604153
43,2.243687,-2.1807463
44,2.5460052,-2.4699674
45,2.9491765,-2.8545399
46,2.3665414,-2.3779452
47,2.9803746,-2.8727665
48,3.252204,-3.0620198
49,2.1560967,-2.2659483
50,3.347573,-3.107951
51,3.1535385,-3.0075107
52,3.1897664,-3.0321574
53,3.2776206,-3.0681708
54,3.2232637,-3.0340104
55,3.1745772,-3.0055194
56,2.9038463,-2.8367147
57,3.0591629,-2.944051
58,2.8269262,-2.776808
59,3.1079051,-2.964316
60,2.8822289,-2.7985518
61,2.7607217,-2.7055576
62,2.9139698,-2.8416643
63,2.7426643,-2.7050037
64,2.5508933,-2.5585806
65,2.556128,-2.5108044
66,2.6745694,-2.617392
67,2.2900684,-2.2924776
68,2.2562976,-2.2553236
69,2.319429,-2.3165176
70,1.8388053,-1.8620942
71,2.2530415,-2.252129
72,2.282257,-2.2728589
73,1.8910905,-1.8992548
74,2.5358298,-2.4910028
75,2.693594,-2.6447217
76,2.3557992,-2.3439353
77,2.3592305,-2.3432121
78,1.785052,-1.7949578
79,1.7517648,-1.7182243
80,1.8406279,-1.8049939
81,1.3635516,-1.3094679
82,1.8627367,-1.8168818
83,1.8210175,-1.8365438
84,1.7233422,-1.7311006
85,1.6190432,-1.6128339
86,1.7521157,-1.7462153
87,1.4258347,-1.4188647
88,1.1157916,-1.0511862
89,1.3941901,-1.296241
90,1.9209954,-1.8521999
91,2.0738134,-2.0342948
92,1.5261376,-1.5013822
93,1.7822679,-1.7110642
94,1.5288765,-1.4232713
95,1.9863647,-1.8783038
96,1.5492958,-1.4333866
97,1.7192619,-1.616244
98,1.5640526,-1.4646385
99,1.5512574,-1.4255638
100,1.5842975,-1.4291548
101,2.0889816,-1.9265043
102,2.0198305,-1.8561922
103,1.8354343,-1.6807535
104,1.3492668,-1.1996734
105,1.2836846,-1.1147653
106,1.1652337,-1.0109713
107,0.9416901,-0.7436703
108,1.208193,-1.0314227
109,1.8912354,-1.7214706
110,1.9704564,-1.7920893
111,2.8602483,-2.7183747
112,2.6014855,-2.4718597
113,1.99305,-1.9237578
114,1.9689823,-1.8904892
115,2.4307647,-2.3075097
116,2.0459695,-1.9502579
117,2.5889714,-2.4476671
118,2.134446,-2.0210743
119,2.306272,-2.1743653
120,2.3341978,-2.2459002
121,1.9684131,-1.8777418
122,2.3238747,-2.2442153
123,1.811345,-1.7383146
124,1.8799944,-1.7630376
125,1.7779589,-1.6462183
126,1.6081686,-1.4727457
127,1.6623708,-1.5172169
128,1.9401144,-1.806921
129,1.7474769,-1.6062922
130,1.9034882,-1.773112
131,1.973163,-1.8110354
132,2.3599117,-2.2204018
133,2.092193,-1.9408382
134,1.829501,-1.6746726
135,1.7894485,-1.6302701
136,1.7646714,-1.582511
137,1.905203,-1.6883332
138,1.3956027,-1.2042978
139,1.5372337,-1.3154233
140,1.5071057,-1.3201146
141,1.5765558,-1.3956376
142,1.5219865,-1.3119371
143,1.4768692,-1.2927763
144,1.1808131,-0.97354114
145,1.524908,-1.3356116
146,1.0525624,-0.85374737
147,1.6575621,-1.4320742
148,1.2271507,-1.0020466
149,1.5311846,-1.2728279
150,1.1552916,-0.89578885
151,1.2576894,-0.9890973
152,1.4790249,-1.2111055
153,1.5761462,-1.351759
154,1.49655,-1.2227263
155,1.5128099,-1.2413573
156,1.3232204,-1.0554997
157,1.5432099,-1.2663288
158,1.2529379,-0.96911883
159,1.7077588,-1.4388535
160,1.7908833,-1.5165943
161,1.7175561,-1.4340078
162,1.2293485,-0.9413316
163,1.4833629,-1.1931036
164,1.6630354,-1.3956205
165,1.9642152,-1.7076771
166,1.5969565,-1.3139873
167,2.4602835,-2.2331626
168,1.6850663,-1.45301
169,2.1490912,-1.9384874
170,2.5191672,-2.3558142
171,2.3148644,-2.151548
172,2.5225875,-2.3726068
173,2.1381643,-1.9866217
174,2.377624,-2.2322927
175,2.0574422,-1.9051831
176,2.0834072,-1.9154329
177,1.8654082,-1.6994098
178,2.0651274,-1.8941909
179,1.5986828,-1.465123
180,1.8054482,-1.6734982
181,1.5944483,-1.5128748
182,1.6833755,-1.5805196
183,1.8798695,-1.8122282
184,1.929801,-1.84502
185,1.9180518,-1.8086321
186,1.6920669,-1.5908014
187,2.075028,-1.9525237
188,2.3257437,-2.1735172
189,1.817614,-1.7154306
190,2.0914514,-1.9786689
191,1.8332299,-1.7275845
192,2.1824968,-2.0613952
193,1.8746138,-1.7452967
194,1.641135,-1.4976122
195,1.519941,-1.3412551
196,1.8195851,-1.6139222
197,2.0795803,-1.8770972
198,1.9941436,-1.8057725
199,1.7390743,-1.5713295
200,1.9682243,-1.7924235
201,1.99272,-1.8625338
202,2.2150753,-2.062986
203,2.0736866,-1.9214909
204,1.8047472,-1.6553259
205,1.6594635,-1.4996876
206,2.1492722,-2.0367563
207,2.3020906,-2.1698868
208,2.7034447,-2.585755
209,2.721726,-2.5714085
210,2.2503972,-2.1820729
211,1.9833988,-1.9209749
212,2.2920105,-2.1597395
213,1.7480716,-1.5915643
214,1.8856151,-1.6927507
215,1.5771126,-1.364937
216,2.0033412,-1.7793803
217,1.7803785,-1.5455596
218,1.404349,-1.1595008
219,1.6269971,-1.4073105
220,1.7843663,-1.5294281
221,1.1269045,-0.87269664
222,1.6743186,-1.4087027
223,2.1527472,-1.9037573
224,1.5230691,-1.2523881
225,1.824318,-1.5764
226,1.3764691,-1.1072668
227,1.3036021,-1.0141882
228,1.4091378,-1.1131864
229,1.1040568,-0.8112505
230,0.86561704,-0.6099156
231,1.3786004,-1.0989424
232,1.3698939,-1.089562
233,1.0889003,-0.81939137
234,1.2870528,-0.99983686
235,1.4279598,-1.1491503
236,1.6030065,-1.3078506
237,2.095872,-1.83057
238,1.8444043,-1.576642
239,1.5145226,-1.2598628
240,2.3619106,-2.123257
241,1.5473642,-1.2773594
242,1.8111457,-1.531761
243,1.2253674,-0.93687946
244,2.1119595,-1.839808
245,1.3909439,-1.1543077
246,1.6275237,-1.3803979
247,2.111572,-1.8401212
248,1.4792666,-1.1824356
249,1.5900308,-1.2841493
250,1.5655847,-1.2817073
251,1.7743987,-1.4897798
252,1.5965939,-1.3038955
253,1.8226248,-1.6042712
254,1.5872788,-1.3420491
255,1.8380684,-1.592812
256,1.5994229,-1.3042806
257,1.5355281,-1.2294458
258,1.5843831,-1.3227667
259,1.9695842,-1.6890275
260,1.7285395,-1.4291613
261,1.7931073,-1.5125424
262,1.6723661,-1.4062922
263,1.5227343,-1.2435323
264,1.5864073,-1.2791221
265,1.6334196,-1.3281891
266,1.8442171,-1.5457516
267,1.509193,-1.232186
268,1.4342668,-1.168177
269,2.325121,-2.1634731
270,2.2811067,-2.0780263
271,2.5030696,-2.3222804
272,2.2359617,-2.0282269
273,1.859603,-1.6136444
274,1.8679063,-1.6072788
275,1.0635589,-0.7865183
276,1.4138528,-1.1093528
277,1.0303552,-0.7382563
278,1.4683164,-1.1662446
279,1.4029757,-1.1152349
280,1.4542503,-1.1570376
281,1.4789956,-1.1573591
282,1.7491713,-1.4609519
283,1.682827,-1.3782635
284,1.7845256,-1.4928713
285,1.5741348,-1.2723073
286,1.9510918,-1.6917791
287,1.9852111,-1.7242085
288,1.6250323,-1.3302863
289,2.419888,-2.223935
290,2.6717486,-2.4574838
291,1.2767006,-1.0061111
292,2.0400867,-1.7837694
293,2.1493182,-1.9277128
294,1.949157,-1.7590938
295,1.7833893,-1.5278177
296,2.3037074,-2.0714245
297,1.8025131,-1.5446635
298,1.7858545,-1.5076537
299,1.4172639,-1.115181
300,1.607342,-1.2964352
301,1.2326334,-0.90692365
302,1.5758617,-1.2595918
303,1.1966276,-0.8659139
304,1.8037724,-1.5123264
305,1.5593905,-1.2485222
306,1.2374096,-0.88473153
307,1.1707501,-0.83810323
308,1.7627342,-1.4417907
309,1.5380071,-1.2030174
310,0.5915279,-0.2331893
311,1.3317437,-0.97079456
312,0.52251595,-0.18800953
313,1.7891698,-1.421282
314,0.88216645,-0.47956017
315,0.8251166,-0.41464087
316,0.70052063,-0.3257563
317,0.7434131,-0.35569358
318,0.7312102,-0.3457752
319,0.7429991,-0.33640397
320,1.0617996,-0.6635902
321,0.8598461,-0.43621033
322,0.8827478,-0.47995654
323,0.6696512,-0.24094647
324,0.8441673,-0.411833
325,0.7468736,-0.35259125
326,1.2524166,-0.87599915
327,0.69904786,-0.28406742
328,1.098378,-0.7120604
329,0.83377254,-0.4138852
330,0.66378635,-0.2628543
331,1.1292099,-0.71134615
332,0.79934657,-0.38623863
333,0.5756168,-0.16855052
334,0.7772094,-0.38024175
335,0.6913052,-0.29419354
336,0.9418534,-0.5757906
337,0.79737645,-0.42286092
338,0.5945722,-0.20318373
339,0.73923945,-0.29812175
340,1.1188881,-0.72062504
341,1.2314547,-0.884671
342,2.0968413,-1.8439362
343,1.6401149,-1.3230951
344,1.266802,-0.86476564
345,1.2320467,-0.84785575
346,1.7808192,-1.4440593
347,1.283043,-0.94167185
348,1.0982227,-0.7233644
349,1.1796389,-0.79254544
350,1.1691003,-0.7464169
351,1.0926648,-0.6755294
352,0.7382468,-0.3066334
353,1.2981219,-0.8550999
354,1.1247627,-0.66566867
355,0.82553977,-0.3862205
356,0.9175635,-0.47590357
357,1.2146657,-0.793357
358,0.89092726,-0.4373244
359,0.99750346,-0.5482024
360,1.0778002,-0.6353071
361,1.3281356,-0.91000485
362,0.8915612,-0.4270261
363,0.6083427,-0.13411649
364,0.5040136,-0.044687063
365,0.82632524,-0.3842116
366,1.2409093,-0.82050836
367,1.2132537,-0.772905
368,1.8079178,-1.4398482
369,0.9214618,-0.49719843
370,0.7783081,-0.30980328
371,0.8795063,-0.39531448
372,0.5925684,-0.12438761
373,0.8012696,-0.3106561
374,0.5171403,-0.046500694
375,0.7264196,-0.25663647
376,0.88597095,-0.40712377
377,0.34129384,0.118763015
378,0.40961924,0.067948505
379,0.7260396,-0.26502177
380,0.5592055,-0.11022598
381,0.7963619,-0.39156762
382,0.5581987,-0.088456035
383,0.548399,-0.08743399
384,0.6396511,-0.20172006
385,0.9290043,-0.47342896
386,0.767066,-0.33676556
387,0.8596944,-0.45151213
388,1.2723945,-0.9398979
389,1.2064073,-0.80470794
390,0.7287804,-0.2978242
391,0.8014217,-0.37800884
392,0.66732997,-0.21383123
393,0.6883847,-0.24855389
394,0.86335814,-0.44577172
395,1.0111952,-0.57930624
396,0.81776404,-0.36866602
397,0.84047616,-0.41327876
398,0.870404,-0.46653023
399,0.5562383,-0.12356962
400,0.8967847,-0.45726544
401,0.47484162,-0.04231307
402,0.50393933,-0.047935273
403,0.6270878,-0.1772979
404,0.4732224,-0.03508003
405,0.52621025,-0.07812522
406,0.5180917,-0.062977195
407,0.28111655,0.1691312
408,0.44867906,-0.0009761164
409,0.8054365,-0.38399667
410,1.2953696,-0.9236686
411,1.1336857,-0.7715047
412,0.9974933,-0.5733679
413,0.7876674,-0.3313664
414,0.80231935,-0.34917447
415,0.89678955,-0.42811117
416,1.0419555,-0.6047574
417,0.5456798,-0.0754995
418,0.668903,-0.19513513
419,1.0342625,-0.575003
420,0.4998896,-0.047202997
421,0.6897538,-0.23843105
422,0.92432684,-0.45311585
423,1.0574157,-0.61165994
424,0.8764983,-0.44804943
425,1.2312366,-0.82004267
426,1.4575691,-1.0869784
427,1.1464905,-0.76646394
428,1.329529,-0.96359134
429,0.9963292,-0.5954572
430,1.1398902,-0.7507951
431,1.5177975,-1.1716161
432,1.7715313,-1.5143869
433,1.904423,-1.628573
434,0.95057565,-0.6305873
435,0.86986923,-0.493968
436,1.0343523,-0.6441606
437,0.89775014,-0.5288176
438,1.4639796,-1.1951382
439,1.2662904,-0.9909623
440,1.858662,-1.6016358
441,1.0007,-0.69922334
442,1.3675123,-1.1265211
443,1.2562883,-0.9717771
444,1.1132398,-0.83297306
445,0.7730854,-0.45782486
446,1.0632117,-0.72841203
447,0.9983329,-0.68159676
448,1.0730981,-0.7587269
449,0.6543128,-0.32019344
450,0.4199001,-0.03880537
451,0.7249158,-0.3213413
452,0.60161144,-0.20251724
453,0.36071613,0.05482313
454,0.31098732,0.11027414
455,0.5784745,-0.1336674
456,0.5959501,-0.15304124
457,0.25716662,0.17305307
458,0.66276455,-0.21860147
459,0.88130516,-0.46208552
460,0.37275365,0.05012151
461,0.79692644,-0.35937244
462,0.32546183,0.095139645
463,0.42111066,0.017848536
464,0.36920327,0.086501196
465,0.09798703,0.3303868
466,0.5267857,-0.08125624
467,0.63530636,-0.19600365
468,0.6808244,-0.25540298
469,1.251778,-0.84783846
470,0.75380504,-0.3315698
471,0.6218383,-0.17490603
472,0.46650788,-0.037668325
473,0.7210819,-0.27391472
474,0.99434155,-0.5662591
475,0.8249703,-0.39286038
476,0.94931537,-0.53127426
477,1.4304866,-1.0441653
478,1.0202878,-0.6289585
479,1.065995,-0.6671721
480,2.3748698,-2.1274924
481,1.6343697,-1.3083522
482,2.199875,-1.9572057
483,2.4364054,-2.226963
484,1.5742522,-1.3311471
485,2.2528038,-2.042916
486,1.9515222,-1.6973659
487,1.368703,-1.0514266
488,1.137749,-0.79244983
489,1.5356975,-1.2096705
490,0.990556,-0.6259467
491,1.3988563,-1.0833848
492,1.1119683,-0.83427954
493,0.84849143,-0.5100591
494,1.4478495,-1.1430595
495,1.6607182,-1.3829663
496,1.6904043,-1.4548165
497,1.1437141,-0.8618178
498,0.93390554,-0.6093096
499,1.375969,-1.0082403
500,0.74561906,-0.3775245
501,0.7118797,-0.33305618
502,1.1260382,-0.7334484
503,0.7894269,-0.419651
504,1.0564095,-0.6661787
