,Z_1,Z_2,Z_3
0,0.8479707,-1.2134389,0.99929065
1,0.48422238,-0.7397563,0.31024
2,0.828134,-1.1552362,0.93437666
3,0.750541,-1.0736017,0.8204144
4,0.76062685,-1.0926688,0.81029564
5,0.924835,-1.2921093,1.0638742
6,0.69632775,-1.0061636,0.700544
7,0.9195985,-1.2762892,1.0623591
8,0.86295956,-1.1943502,0.9477867
9,0.8140049,-1.1627226,0.9135485
10,0.9067104,-1.2776963,1.0914907
11,0.6555495,-0.9916157,0.70393074
12,0.61048716,-0.910627,0.6232962
13,0.482702,-0.7511009,0.3830186
14,0.8230817,-1.111796,0.8943836
15,0.7182267,-0.9586124,0.6674355
16,0.63292867,-0.79040104,0.5495496
17,0.47772977,-0.6770416,0.29934058
18,0.7191304,-0.961157,0.68674606
19,0.61857766,-0.9243087,0.55770934
20,0.5093136,-0.6808693,0.30250177
21,0.7390682,-1.0063872,0.6996011
22,0.86691517,-1.1135197,0.8788051
23,0.8369242,-0.990062,0.8705711
24,0.89316136,-0.9843545,0.85131454
25,0.71350205,-0.7824069,0.6207187
26,0.56339514,-0.5650116,0.4189625
27,0.5592054,-0.37892228,0.20762348
28,0.7575438,-0.72806895,0.5831188
29,0.5859388,-0.5758257,0.38184124
30,0.8045492,-0.8732715,0.72014076
31,0.66291225,-0.7030586,0.45212996
32,0.4751259,-0.5548728,0.27615577
33,0.34922025,-0.34968397,0.08088101
34,0.22847913,-0.14818043,-0.02375411
35,-0.3230805,0.6247956,-0.897391
36,-0.15647492,0.47774523,-0.63023996
37,-0.28209114,0.54894614,-0.76016134
38,-0.82913244,1.4171414,-1.6274328
39,-0.08423296,0.6880322,-0.54460394
40,-0.005498152,0.34044918,-0.47658008
41,-0.70136774,1.2959163,-1.34849
42,0.10340525,0.23225965,-0.3334635
43,-0.5144419,1.2159165,-1.2631345
44,-1.4697897,2.377455,-2.6904716
45,-1.9324785,3.0699067,-3.4225934
46,-0.22787678,1.0089056,-0.9775043
47,-1.4799325,2.5263903,-2.7612062
48,-2.3901422,3.7109897,-4.15432
49,-0.2080312,0.98282486,-0.95707196
50,-2.520102,3.956207,-4.3335633
51,-1.3754011,2.7859852,-2.8228474
52,-1.9386166,3.573246,-3.8082469
53,-2.1733022,3.6148891,-4.0498524
54,-1.3413048,2.85589,-3.0979073
55,-1.4812485,2.7829564,-3.0863707
56,-0.5929355,1.4957774,-1.5850742
57,-1.0773154,2.2468162,-2.3644207
58,-0.34723368,1.1320189,-1.139207
59,-1.061078,2.1153605,-2.2666159
60,-0.70718676,1.5157993,-1.674649
61,-0.97721845,1.904339,-2.1388357
62,-1.3875338,2.4527876,-2.7544274
63,-0.56145245,1.4860734,-1.6841518
64,-0.7836282,1.7390183,-2.0266013
65,-0.6370894,1.343104,-1.8237929
66,-0.7042961,1.4647079,-1.866731
67,-0.086803384,0.7444888,-1.0126114
68,0.0058475593,0.5904223,-0.8141395
69,0.034369178,0.5576221,-0.7836464
70,0.19963753,0.2588323,-0.53053313
71,-0.06877678,0.7406792,-1.0254617
72,-0.03720271,0.7625157,-1.0014062
73,0.314629,0.3281692,-0.52354354
74,-0.30966255,1.1570771,-1.4871035
75,-0.41493678,1.4934164,-1.7703413
76,-0.20862584,1.1513634,-1.5480971
77,-0.068543434,1.030647,-1.3720552
78,0.34586573,0.44962686,-0.7050539
79,0.1412428,0.66118324,-0.99091667
80,0.17685257,0.61991644,-0.92859346
81,0.34475508,0.295075,-0.53521276
82,0.46028137,0.073710814,-0.39904234
83,0.2835354,0.3872102,-0.67993236
84,0.23340826,0.42539087,-0.7917561
85,0.2555906,0.34749085,-0.8027772
86,0.009542568,0.5973996,-1.1443502
87,0.44081163,0.052029453,-0.4619286
88,0.57054013,-0.159119,-0.29078737
89,0.040336013,0.4086907,-1.0223291
90,0.06376271,0.4198215,-0.96855086
91,0.085766554,0.48705113,-0.88330716
92,0.37802833,0.15566571,-0.5077595
93,0.30780867,0.20126107,-0.6647826
94,0.44556597,-0.029143369,-0.49420255
95,-0.344082,0.7607885,-1.395584
96,0.47174308,-0.09730531,-0.36518076
97,0.27527413,0.17358682,-0.66961503
98,0.5216441,-0.11514144,-0.3348907
99,0.3874304,0.0057014883,-0.49998403
100,0.57013416,-0.21503066,-0.19826467
101,0.32603064,0.059958063,-0.577093
102,-0.04670485,0.45007882,-1.1191268
103,0.5865703,-0.31567162,-0.08362497
104,0.6007906,-0.36313766,-0.05250472
105,0.5275807,-0.32712695,-0.14726524
106,0.6193871,-0.38258973,0.048011567
107,0.7913653,-0.70497614,0.38408795
108,0.6436735,-0.44060284,0.11939052
109,0.3828764,-0.07824372,-0.30038178
110,0.12270399,0.24151514,-0.68407327
111,-0.29034904,1.0049958,-1.4238716
112,-0.124043696,0.824218,-1.2349892
113,0.3740471,0.17133252,-0.42142466
114,0.494049,-0.022792794,-0.20922981
115,0.022624472,0.535429,-0.9397299
116,0.4914919,-0.0013932785,-0.29852384
117,-0.09564638,0.66887945,-1.1390857
118,0.43374404,0.011839898,-0.24399154
119,0.19051343,0.2828853,-0.65785074
120,0.2526683,0.33840477,-0.5974305
121,0.37558618,0.15173732,-0.42867893
122,-0.16842924,0.86562127,-1.2814662
123,0.39744702,0.11996877,-0.31430858
124,0.33904672,0.12021613,-0.53323114
125,0.27853727,0.18050548,-0.64378345
126,0.5624541,-0.21186157,-0.09410536
127,0.46791732,-0.1072553,-0.1723815
128,0.013323482,0.5614585,-1.0306625
129,0.3860182,0.07458125,-0.34489468
130,0.38972563,0.16672087,-0.36678165
131,0.43642038,0.13529728,-0.34215602
132,0.09621785,0.66242933,-0.89315474
133,0.09173164,0.6488581,-0.83305526
134,0.4337014,0.24384166,-0.3340397
135,0.32042998,0.40178272,-0.5386049
136,0.5160414,0.14536625,-0.3243233
137,0.24759005,0.38470188,-0.70784384
138,0.4288387,0.22718515,-0.37074038
139,0.55795246,-0.008809356,-0.1834996
140,0.51506513,0.09332856,-0.29680198
141,0.47396475,0.108323805,-0.37932795
142,0.6929923,-0.23339434,0.028009998
143,0.50925505,-0.0066815973,-0.29881996
144,0.6948182,-0.2748601,0.023741568
145,0.6624965,-0.23377122,-0.0068368465
146,0.7493785,-0.33158022,0.1591121
147,0.34425008,0.3633588,-0.58989275
148,0.65173674,0.015355527,-0.16429418
149,0.50618607,0.21694022,-0.45125446
150,0.5699193,0.11502389,-0.36232486
151,0.48747942,0.29760164,-0.5431455
152,0.47908255,0.30800644,-0.5140997
153,0.30154788,0.5397517,-0.8020678
154,0.42818552,0.2706412,-0.5722086
155,0.45284525,0.2675998,-0.54582965
156,0.4463715,0.27395085,-0.5710384
157,0.50010693,0.1540472,-0.47827083
158,0.4999838,0.087436534,-0.4373858
159,0.22801983,0.37683845,-0.74785
160,0.46682677,0.09410295,-0.3979302
161,0.35438856,0.2966816,-0.6193718
162,0.52853245,0.12635528,-0.36754408
163,0.38567734,0.31241342,-0.5735732
164,0.22807717,0.60671127,-0.8037222
165,-0.05209431,1.0923078,-1.2328748
166,0.12338766,0.92595845,-1.0144114
167,-0.25708732,1.3621379,-1.6198697
168,0.2630469,0.76885945,-0.8072084
169,-0.108132355,1.2171026,-1.4028475
170,-0.60277,1.8614978,-1.9802516
171,-0.41862935,1.6743643,-1.7151885
172,-0.52406925,1.6461909,-1.7100257
173,-0.13928252,1.0970826,-1.1811303
174,-0.3054864,1.192624,-1.3256235
175,-0.27184057,1.1083609,-1.2345462
176,0.22961068,0.4870012,-0.5510546
177,0.32858354,0.37526143,-0.4428356
178,0.15146138,0.6474452,-0.71555364
179,0.30987215,0.42486143,-0.39980686
180,0.2774387,0.46295846,-0.45108706
181,0.25627214,0.49224132,-0.49088883
182,-0.14681365,0.911876,-1.0724121
183,0.1112483,0.70485216,-0.6998265
184,-0.042679407,0.8580696,-0.93705624
185,0.10627211,0.5957072,-0.7198066
186,0.33473146,0.3139868,-0.36517835
187,0.00086369086,0.71421957,-0.8618805
188,-0.2620009,0.99139196,-1.2690003
189,0.10890429,0.6557333,-0.8231447
190,-0.060191467,0.96727365,-1.1194631
191,0.23244704,0.5474756,-0.66365075
192,0.08317341,0.74424237,-0.87121814
193,0.150697,0.6019402,-0.7411084
194,0.2825362,0.45276943,-0.5825904
195,0.45662546,0.17267027,-0.33378646
196,0.27102175,0.35483804,-0.54217964
197,-0.12117212,0.8006065,-1.1178766
198,0.016567612,0.6560477,-0.87284803
199,0.10772356,0.553787,-0.74482185
200,0.14849386,0.49885663,-0.67339355
201,-0.08737339,0.8010098,-0.97659767
202,-0.18794131,0.89772964,-1.1243981
203,-0.14448558,0.84599495,-1.0671917
204,0.20521414,0.47058877,-0.59780574
205,0.22465989,0.42324644,-0.57481706
206,0.06314002,0.72593814,-0.82055366
207,0.06653098,0.67193455,-0.83169824
208,-0.03215667,0.8681118,-0.97745156
209,-0.27668914,1.0297271,-1.3110245
210,0.42653567,0.18279633,-0.22533359
211,0.38294864,0.20991902,-0.24825387
212,0.12362909,0.43793824,-0.6429696
213,0.41198978,-0.04986328,-0.15775804
214,0.14519385,0.2293875,-0.561248
215,0.28205132,0.08437196,-0.44142506
216,0.06289617,0.29066342,-0.681552
217,0.15839577,0.25260487,-0.5112891
218,0.42349094,-0.09047073,-0.16435
219,0.58126575,-0.22580315,0.059737626
220,0.09975451,0.24804303,-0.64579576
221,0.67984176,-0.44491857,0.2520998
222,0.16731143,0.11347601,-0.45359808
223,0.023217447,0.29500982,-0.66720575
224,0.3598289,-0.09750315,-0.21015553
225,0.13366504,0.14386553,-0.5071783
226,0.7093046,-0.47711647,0.29937217
227,0.76220894,-0.5342147,0.34305394
228,0.6905807,-0.4686299,0.26035106
229,0.7128982,-0.498127,0.32672095
230,0.9301301,-0.7496944,0.70517445
231,0.61847806,-0.34982708,0.17035379
232,0.644473,-0.38132778,0.22556368
233,0.7473603,-0.5047679,0.3679045
234,0.7357126,-0.51879686,0.3536071
235,0.68411654,-0.43710518,0.28823048
236,0.5897857,-0.3266519,0.109184355
237,0.10812481,0.2252588,-0.53117794
238,0.43370262,-0.10794348,-0.103352994
239,0.63488555,-0.3465328,0.19254383
240,0.028436076,0.29110846,-0.6487573
241,0.40202445,-0.07363769,-0.16175595
242,0.4389674,-0.06914286,-0.16197306
243,0.5315222,-0.17363308,-0.054403625
244,0.30617175,0.06683427,-0.3094032
245,0.47122228,-0.09367746,-0.16526392
246,0.6060195,-0.27767268,0.05710577
247,-0.027209172,0.44487023,-0.876152
248,0.45911708,-0.111335665,-0.1917232
249,0.43450937,-0.08459077,-0.21756
250,0.5363922,-0.20265236,-0.038237397
251,0.5345192,-0.1974704,-0.056995258
252,0.3557474,0.00273996,-0.36855912
253,0.26324362,0.18931013,-0.46798092
254,0.26308796,0.16533741,-0.479025
255,0.43738776,-0.0060656006,-0.20571773
256,0.37950385,0.012379574,-0.3307978
257,0.54511666,-0.20100957,-0.054718386
258,0.42800054,-0.029483924,-0.19923636
259,0.24761596,0.15895973,-0.48007014
260,0.40188497,-0.03850191,-0.23870562
261,0.3014979,0.13182884,-0.47341242
262,0.33473438,0.057627816,-0.3391953
263,0.4496814,-0.104493685,-0.26843393
264,0.4032723,-0.07547163,-0.20652363
265,0.6914597,-0.38345662,0.2241594
266,0.025209498,0.4597431,-0.8334205
267,0.40557945,0.10502037,-0.34397057
268,0.39448842,0.16503166,-0.38049716
269,0.2987593,0.32803693,-0.5276853
270,0.40670267,0.13107929,-0.46778983
271,-0.23085636,0.92181027,-1.3566779
272,0.039409947,0.5313142,-0.98339677
273,0.44664446,-0.010188091,-0.36913517
274,-0.06823609,0.51860034,-1.0615783
275,0.79346174,-0.4822698,0.14503151
276,0.8203329,-0.52411747,0.17242853
277,0.79668474,-0.52168906,0.18328866
278,0.7678681,-0.47628072,0.11813538
279,0.44787773,-0.11957123,-0.33736065
280,0.6076402,-0.29374442,-0.14764543
281,0.39097267,-0.11553373,-0.3767411
282,0.14251687,0.1596541,-0.67000526
283,0.49191743,-0.16390117,-0.28454003
284,0.49553084,-0.16695641,-0.2665835
285,0.5846731,-0.25681278,-0.13400453
286,0.32061774,0.07066556,-0.5125942
287,-0.0135983005,0.41357493,-0.93115604
288,0.22481072,0.21739079,-0.6432807
289,-0.1921123,0.7636806,-1.1603585
290,-0.49923944,0.9868032,-1.5306543
291,0.5631501,-0.25158012,-0.117318176
292,0.25071424,0.09521638,-0.5174841
293,-0.07819914,0.49256173,-0.8850458
294,-0.16822211,0.64984745,-1.0804882
295,-0.11723503,0.5194179,-1.0158787
296,-0.1365345,0.5529426,-0.98525625
297,0.24920346,0.05795862,-0.4781644
298,0.10829297,0.22791049,-0.66332114
299,0.40004247,-0.100304365,-0.31571242
300,0.5715449,-0.27326775,-0.064820565
301,0.32758558,0.002365563,-0.44012094
302,0.18653826,0.08083606,-0.53709716
303,0.5214938,-0.285925,-0.09231266
304,0.06290015,0.28440812,-0.67253315
305,0.21606502,0.060543172,-0.45613468
306,0.5567219,-0.41705245,0.007605506
307,0.71710294,-0.6139205,0.31292737
308,0.16503449,0.019310733,-0.46726713
309,0.26600245,-0.04772685,-0.36890632
310,0.8146345,-0.7765814,0.51201475
311,0.44511962,-0.3042167,-0.07700764
312,0.5585191,-0.42324135,0.11471405
313,-0.17551285,0.35030353,-0.93909574
314,0.31327114,-0.2640131,-0.23390388
315,0.23675793,-0.14952525,-0.30991518
316,0.7508457,-0.7521801,0.45766774
317,0.56266755,-0.5325752,0.16282645
318,0.6677812,-0.6599975,0.31255677
319,0.5902786,-0.57115185,0.18167232
320,0.47128186,-0.41441885,0.00031638728
321,0.4862053,-0.4667674,0.048440058
322,0.5750893,-0.5637416,0.21493788
323,0.75856024,-0.8007144,0.47782892
324,0.5197665,-0.569414,0.15047058
325,0.75977564,-0.8014335,0.52463806
326,0.43260843,-0.39553657,-0.0025024328
327,0.6003391,-0.60006654,0.21149299
328,0.6765421,-0.66165394,0.36724818
329,0.6133868,-0.678671,0.29107466
330,0.5387064,-0.5877877,0.18822828
331,0.006247258,0.050476193,-0.5884617
332,0.91812974,-0.9938457,0.71728605
333,0.89752376,-0.93549144,0.60208684
334,1.0305719,-1.1101198,0.8490497
335,0.91218436,-0.98474854,0.6563088
336,0.7067946,-0.7267639,0.3706139
337,0.6298679,-0.68614763,0.2812815
338,0.72876906,-0.8009068,0.43736726
339,0.57998943,-0.6830571,0.24477893
340,0.3070135,-0.33930817,-0.10840937
341,0.1940483,-0.18521245,-0.25530306
342,-0.16208832,0.3521681,-0.7975584
343,0.23077536,-0.10800703,-0.3373862
344,0.35995322,-0.3660491,-0.15286714
345,0.6065763,-0.5635644,0.14942293
346,0.090450674,-0.06472511,-0.4699638
347,0.55848235,-0.47102877,0.067109
348,0.49580607,-0.43831274,-0.04336384
349,0.5674906,-0.53515655,0.042262867
350,0.6247557,-0.6713814,0.16025496
351,0.6286956,-0.67468137,0.17097463
352,0.7521513,-0.82723856,0.36680368
353,0.15559743,-0.19868478,-0.44405937
354,0.43352786,-0.5081898,-0.076425605
355,0.82498044,-0.9136672,0.4937969
356,0.74054855,-0.8422391,0.37741885
357,0.4332803,-0.47925323,-0.08038788
358,0.6532063,-0.7395285,0.2446439
359,0.47269687,-0.5519152,-0.0033827566
360,0.44158095,-0.54191285,0.016142739
361,0.6738257,-0.7605596,0.2805782
362,0.6005912,-0.72241795,0.1799709
363,0.81690633,-0.9778444,0.51193887
364,0.9214897,-1.0911536,0.6927779
365,0.7826332,-0.90914106,0.4745573
366,0.62757283,-0.72009873,0.25630444
367,0.31423616,-0.41322973,-0.18812895
368,0.110413864,-0.15865634,-0.4662286
369,0.39616212,-0.50977623,-0.03851676
370,0.86305064,-1.0295633,0.6711646
371,0.75877887,-0.9284098,0.5170176
372,0.59793544,-0.7988719,0.32862535
373,0.53592217,-0.7316266,0.25382116
374,0.582326,-0.7563102,0.3093054
375,0.61066055,-0.78565454,0.35651082
376,0.41872293,-0.5650096,0.0666933
377,0.7105213,-0.8934927,0.4807885
378,0.80253226,-0.9873941,0.62151927
379,0.73924583,-0.9254706,0.5562232
380,0.7393003,-0.8914547,0.5310955
381,0.6918171,-0.7539799,0.38470358
382,0.77160835,-0.9172455,0.54254526
383,0.636851,-0.7695788,0.33599478
384,0.8585265,-0.9985937,0.6761262
385,0.6951886,-0.8200711,0.41853046
386,0.56324804,-0.672473,0.1948569
387,0.5911868,-0.6913698,0.23523296
388,0.6793442,-0.71755296,0.32340688
389,0.330484,-0.43192363,-0.11289231
390,0.74199307,-0.90315986,0.47176316
391,0.5974807,-0.7287594,0.23792773
392,0.58942795,-0.743774,0.23989809
393,0.6309309,-0.7800548,0.29434717
394,0.68503076,-0.75048184,0.3333915
395,0.49024776,-0.614472,0.013886448
396,0.7279874,-0.8839669,0.35588044
397,0.85220826,-1.0263982,0.5412683
398,0.53484285,-0.72293264,0.17534284
399,0.9001294,-1.1171597,0.69735533
400,0.4746268,-0.6523102,0.040705685
401,0.8191937,-1.03819,0.56509453
402,0.9765994,-1.2181838,0.80116487
403,0.6376726,-0.83872414,0.29045483
404,0.99417675,-1.2111099,0.8349423
405,0.76515144,-0.9627567,0.4479798
406,0.8325712,-1.0453734,0.55337
407,1.0258951,-1.2525316,0.8460071
408,0.83404726,-1.0114666,0.4719099
409,0.79484123,-0.9270768,0.46352684
410,0.7010826,-0.7936558,0.28666413
411,0.62531054,-0.7307813,0.2641092
412,0.5745501,-0.70491946,0.18562204
413,0.8052337,-0.95554036,0.43903002
414,0.70425415,-0.81624234,0.25380376
415,0.40426564,-0.51596946,-0.14205696
416,0.5192175,-0.5829857,-0.0233941
417,0.5431083,-0.68657213,0.0513532
418,0.56312346,-0.7046176,0.08571491
419,0.269288,-0.4024042,-0.29553348
420,0.8042057,-0.95786935,0.40340915
421,0.6717822,-0.8042966,0.21518654
422,0.42465478,-0.5615929,-0.11504322
423,0.5082653,-0.5795182,-0.05211304
424,0.6842606,-0.760844,0.18489914
425,0.61852896,-0.6537781,0.05799557
426,0.31809744,-0.3098315,-0.33683854
427,0.38391486,-0.40275908,-0.26198807
428,0.20299809,-0.20989873,-0.50645226
429,0.56770104,-0.62118804,-0.021742301
430,0.6038105,-0.6586791,0.027808266
431,-0.24331382,0.31130204,-1.1036012
432,-0.19121912,0.41433215,-1.1232543
433,-0.29458898,0.47137704,-1.2200472
434,0.3215606,-0.24921088,-0.3950911
435,0.2398149,-0.22196521,-0.47718808
436,0.27115524,-0.3208398,-0.3397469
437,0.2816937,-0.2787134,-0.33116862
438,0.13315633,0.0069601256,-0.49342367
439,0.30795372,-0.13367431,-0.33469394
440,-0.52613354,0.80772465,-1.5162727
441,0.49197042,-0.3958175,-0.09561832
442,-0.067859896,0.3151823,-0.8820408
443,0.11668302,0.01328619,-0.598872
444,-0.057665348,0.19264258,-0.82924604
445,0.5545829,-0.4829225,-0.040865086
446,0.27048275,-0.2049223,-0.40573442
447,0.15918511,-0.08714076,-0.5370112
448,-0.11811129,0.20909671,-0.8796641
449,0.56499237,-0.5566374,0.02922118
450,0.6470295,-0.72788465,0.198778
451,0.52917075,-0.66139585,0.085796624
452,0.6295228,-0.72862357,0.19221103
453,0.8163835,-0.9197164,0.42338565
454,0.8960304,-1.0045949,0.549146
455,0.5690141,-0.68164057,0.120128594
456,0.50274533,-0.56254464,-0.050028525
457,0.8338519,-0.9017604,0.4422553
458,0.80635536,-0.8918671,0.43149108
459,0.074165545,-0.22775623,-0.47003
460,0.71876514,-0.85617757,0.37004986
461,0.9047366,-1.0314662,0.6115478
462,0.83958924,-0.94106025,0.5331996
463,0.6889461,-0.80102926,0.3231095
464,0.5983967,-0.6754429,0.10513047
465,1.0035598,-1.1014773,0.73297316
466,0.6578649,-0.71008325,0.20280127
467,0.57169074,-0.61977357,0.098550364
468,0.6613784,-0.6928168,0.2117547
469,0.17225456,-0.16915742,-0.4545827
470,0.6779045,-0.75313216,0.2680247
471,0.58271694,-0.6815621,0.15660329
472,0.77328026,-0.84873444,0.4095425
473,0.738125,-0.7960956,0.30370814
474,0.49148086,-0.53681225,-0.031107876
475,0.7283799,-0.7467158,0.30670604
476,0.5658617,-0.5643358,0.03246671
477,-0.025565865,0.11701638,-0.7570048
478,0.5426615,-0.48056713,0.021107245
479,0.3801782,-0.2964759,-0.23241998
480,-0.35933986,0.7212214,-1.3336859
481,0.24724926,-0.12935953,-0.4154922
482,-0.3603458,0.69899786,-1.4000318
483,-0.38186526,0.7496815,-1.3632782
484,0.36332154,-0.10204457,-0.35466376
485,-0.08257979,0.577098,-1.071731
486,-0.18237528,0.51529557,-1.1330357
487,0.67939025,-0.5809297,0.1359461
488,0.50271994,-0.42489508,-0.09235142
489,-0.018838642,0.18517932,-0.8217942
490,0.25409523,-0.17786522,-0.3758238
491,-0.026748413,0.21351805,-0.80504066
492,0.28426978,-0.0065714773,-0.4614303
493,0.40157965,-0.20570685,-0.26835456
494,-0.24762014,0.57102555,-1.1563933
495,-0.25800046,0.5719107,-1.155746
496,0.09535947,0.25503597,-0.7432363
497,0.49574915,-0.28815556,-0.16764499
498,0.57686496,-0.39904097,-0.050454456
499,0.046003886,0.11358323,-0.75725365
500,0.64569956,-0.5349743,0.087311506
501,0.47459644,-0.34042898,-0.18330063
502,0.158385,-0.03605227,-0.5698124
503,0.48226276,-0.35680386,-0.15898879
504,0.22406748,-0.07184226,-0.514388
