,Z_1,Z_2
0,1.1954728,1.3327416
1,1.2493562,0.9336963
2,1.0170794,1.28293
3,1.0059665,1.2133418
4,1.1612941,1.2290447
5,1.1448276,1.3875561
6,1.0179898,1.1562827
7,1.0960107,1.3742936
8,0.9800681,1.3021302
9,1.0616361,1.2836546
10,1.0411183,1.3743278
11,0.9750815,1.1452328
12,0.81980383,1.075515
13,0.89301175,0.93661547
14,0.81160647,1.2223418
15,0.7686678,1.0950887
16,0.42757544,0.9608186
17,0.7864533,0.87304115
18,0.7745298,1.0999696
19,1.1870939,1.0869672
20,0.7111538,0.8752268
21,0.9522299,1.1486915
22,0.7824287,1.21488
23,0.041958272,1.0962739
24,-0.09110454,1.0732216
25,-0.19915925,0.9291799
26,-0.5086991,0.74759275
27,-1.0882605,0.55738413
28,-0.62172174,0.85174215
29,-0.43511084,0.752258
30,-0.20263873,0.9959277
31,-0.03249537,0.8556408
32,0.049007356,0.7630364
33,-0.23296008,0.6015056
34,-0.7671562,0.45978615
35,-1.4010302,-0.1759139
36,-1.6614859,-0.056474432
37,-1.4027045,-0.08717872
38,-2.4993184,-0.8163258
39,-3.043074,-0.24972293
40,-1.6467925,0.05749033
41,-2.8382819,-0.693186
42,-1.5795418,0.14495227
43,-3.103299,-0.6606095
44,-3.649292,-1.6581482
45,-4.6257906,-2.3069892
46,-3.2831626,-0.5281469
47,-4.345833,-1.8174689
48,-5.310477,-2.9322257
49,-3.2688584,-0.49016902
50,-5.776296,-3.1896653
51,-5.129597,-2.0843897
52,-5.710318,-2.8399699
53,-5.34663,-2.8805375
54,-5.0422955,-2.1980352
55,-4.676408,-2.0995245
56,-3.5960765,-0.9583959
57,-4.2750278,-1.6189946
58,-3.3201492,-0.6364548
59,-4.1017623,-1.4801514
60,-3.2666502,-0.94245964
61,-3.5367475,-1.2845381
62,-4.044355,-1.7671353
63,-3.5450742,-0.95878196
64,-3.5792153,-1.1661884
65,-2.3253016,-0.81769747
66,-2.702969,-0.9128905
67,-2.471795,-0.33291483
68,-2.3300543,-0.1960939
69,-2.3226752,-0.18049802
70,-1.8486252,0.052536365
71,-2.5485945,-0.36507392
72,-2.7963884,-0.39888772
73,-2.608801,-0.052845996
74,-2.905079,-0.7398083
75,-3.6475115,-1.0346135
76,-3.0793958,-0.7418377
77,-3.252623,-0.6506914
78,-2.8850615,-0.16668288
79,-2.8642616,-0.3267426
80,-2.9018269,-0.28971216
81,-2.4955783,-0.010763454
82,-1.9696555,0.18462394
83,-2.4643536,-0.070050746
84,-2.224795,-0.10872337
85,-1.8893895,-0.040697996
86,-1.6426332,-0.23844934
87,-1.6454998,0.211458
88,-1.2648885,0.38018298
89,-1.1279558,-0.06854279
90,-1.3746662,-0.07916277
91,-2.000122,-0.12087835
92,-1.8675077,0.13543047
93,-1.5821189,0.101116784
94,-1.1145791,0.28092793
95,-1.1822113,-0.3195587
96,-1.1038435,0.34067038
97,-1.2803013,0.1209146
98,-1.176424,0.34900323
99,-1.0144968,0.25103712
100,-1.0949161,0.42880085
101,-0.975544,0.21157403
102,-0.693007,-0.094322234
103,-0.7478628,0.53419197
104,-0.6571198,0.5734578
105,-0.4151751,0.5458539
106,-0.8350253,0.580806
107,-0.34452957,0.850809
108,-0.7552438,0.62309766
109,-0.9540385,0.31772503
110,-1.1774691,0.05630743
111,-2.4650803,-0.58883154
112,-2.4099636,-0.4372945
113,-2.181992,0.08854787
114,-1.9541407,0.25622556
115,-1.9860243,-0.1906234
116,-1.8518282,0.22804268
117,-2.002811,-0.29813802
118,-1.8713965,0.24620147
119,-1.7070471,0.024492871
120,-2.2866697,-0.03021041
121,-2.068054,0.12055019
122,-2.384152,-0.46259895
123,-2.172043,0.1601834
124,-1.5886468,0.1456517
125,-1.4055648,0.09856166
126,-1.4143479,0.41687912
127,-1.5626392,0.34841707
128,-1.7979499,-0.22855668
129,-1.9382994,0.19255204
130,-2.3775218,0.09515415
131,-2.4401038,0.116227336
132,-2.9127572,-0.33569407
133,-2.9053953,-0.3066626
134,-2.9888396,0.016943406
135,-3.0313718,-0.11827256
136,-2.7009926,0.08247307
137,-2.2988365,-0.10447054
138,-2.8154387,0.032300737
139,-2.3560503,0.23307745
140,-2.5160136,0.13654582
141,-2.2844987,0.11970043
142,-2.0010433,0.41630423
143,-1.8786415,0.22819868
144,-1.7107056,0.45839733
145,-1.8059012,0.4277459
146,-1.8733643,0.50032103
147,-2.7224422,-0.13386217
148,-2.724765,0.16091008
149,-2.7595234,0.0015839189
150,-2.5932853,0.087768465
151,-2.9238932,-0.06761288
152,-2.9885077,-0.057786748
153,-3.049745,-0.2520638
154,-2.5331633,-0.02020359
155,-2.6466172,-0.015529149
156,-2.5901673,-0.018844713
157,-2.30001,0.09044504
158,-2.071493,0.15259327
159,-2.2241528,-0.06436453
160,-2.0854657,0.15807925
161,-2.315107,-0.01760995
162,-2.4580092,0.11929808
163,-2.5265658,-0.036299296
164,-3.0699997,-0.2885981
165,-3.8654544,-0.7435442
166,-3.9127448,-0.5874056
167,-3.822236,-0.93242353
168,-3.878162,-0.4478755
169,-3.8942087,-0.8186455
170,-4.493862,-1.3344226
171,-4.5510693,-1.1922607
172,-4.3611474,-1.1459763
173,-3.7808437,-0.6789587
174,-3.6615508,-0.73096925
175,-3.4886768,-0.65634984
176,-3.0054312,-0.15738444
177,-2.9034615,-0.06680665
178,-3.269169,-0.29408696
179,-3.1227934,-0.115491904
180,-3.1086235,-0.15002388
181,-3.099295,-0.16899711
182,-2.9709523,-0.48958758
183,-3.384704,-0.33188048
184,-3.186214,-0.4518608
185,-2.794148,-0.22590533
186,-2.7673082,0.0035193344
187,-2.7536485,-0.31897828
188,-2.544646,-0.5360249
189,-2.8788972,-0.28413013
190,-3.2998219,-0.5552961
191,-3.065026,-0.20420621
192,-3.1609948,-0.36395225
193,-2.9517217,-0.2335897
194,-2.960455,-0.11475095
195,-2.6178691,0.1147652
196,-2.5836816,-0.025019214
197,-2.440483,-0.37890488
198,-2.623269,-0.26476103
199,-2.655763,-0.18654796
200,-2.6164324,-0.14890184
201,-2.7711325,-0.38721094
202,-2.6459978,-0.46232173
203,-2.6257768,-0.42642906
204,-2.7528703,-0.13117239
205,-2.6455333,-0.09175012
206,-3.0854,-0.35433525
207,-2.8786674,-0.30373245
208,-3.294292,-0.46098822
209,-2.6342347,-0.57538736
210,-2.708543,0.11648678
211,-2.6651103,0.10533448
212,-2.1776445,-0.07135862
213,-1.6243888,0.3346909
214,-1.2830791,0.108841024
215,-1.2367599,0.21627878
216,-1.1393791,0.052658916
217,-1.6042863,0.08317275
218,-1.2694405,0.35614958
219,-1.5895746,0.46070093
220,-1.155791,0.08601077
221,-1.0873837,0.6465492
222,-1.0290782,0.20469333
223,-1.1727235,0.056095008
224,-0.9717547,0.37008727
225,-0.94261956,0.18095794
226,-1.0504113,0.66832924
227,-0.96454513,0.7058978
228,-0.94164294,0.660565
229,-1.0042654,0.68773735
230,-1.1692746,0.8847909
231,-1.1764047,0.5573978
232,-1.2103076,0.5882776
233,-1.2482564,0.6862621
234,-1.1078454,0.69913703
235,-1.2626085,0.63270605
236,-1.1932001,0.5405134
237,-1.4514762,0.113741
238,-1.5489013,0.3678337
239,-1.4255292,0.5578937
240,-1.4088165,0.07230712
241,-1.4476188,0.34142935
242,-1.5020517,0.32872975
243,-1.4753278,0.40350378
244,-1.6395769,0.2203216
245,-1.4897698,0.34310636
246,-1.4120413,0.49172398
247,-1.370473,-0.08062972
248,-1.3064911,0.35622528
249,-1.3224821,0.33488643
250,-1.4323626,0.43126526
251,-1.4297757,0.42412388
252,-1.2314479,0.25891855
253,-1.751459,0.11229526
254,-1.5593793,0.1325292
255,-1.892125,0.26462108
256,-1.491586,0.24913518
257,-1.5329969,0.4221782
258,-1.7754539,0.28390008
259,-1.5374513,0.13187385
260,-1.5234019,0.2893089
261,-1.6960691,0.13493574
262,-1.6049197,0.20860127
263,-1.2523187,0.3237855
264,-1.401669,0.30601948
265,-1.6142099,0.55274713
266,-1.7235849,-0.13403529
267,-2.0941737,0.12933734
268,-2.3163433,0.06456521
269,-2.5711892,-0.045360588
270,-2.003935,0.1111773
271,-2.2767541,-0.512141
272,-1.8432593,-0.19988741
273,-1.5979227,0.24086733
274,-1.3420964,-0.17420475
275,-1.2363052,0.6189439
276,-1.0495903,0.656375
277,-1.0324242,0.66113156
278,-1.0064216,0.6242157
279,-1.0217332,0.3504113
280,-1.0050602,0.48520675
281,-1.021526,0.35131705
282,-1.1058116,0.15001245
283,-1.0227988,0.38644874
284,-1.0401561,0.39290732
285,-1.0427253,0.46433103
286,-1.3249173,0.19952986
287,-1.374741,-0.056136236
288,-1.4920735,0.07301035
289,-2.1469922,-0.34332204
290,-1.6710999,-0.49769118
291,-1.0451418,0.471843
292,-1.1573489,0.19751343
293,-1.5004227,-0.10421425
294,-1.7676847,-0.23443536
295,-1.3141277,-0.13170873
296,-1.4872566,-0.16036524
297,-0.9945036,0.23031285
298,-1.100451,0.093873404
299,-0.93931705,0.3403123
300,-1.0762669,0.4650935
301,-0.9879949,0.25283512
302,-0.86709815,0.19976752
303,-0.8021342,0.4828791
304,-1.3060739,0.042369395
305,-1.0767237,0.22263293
306,-0.42538995,0.61221474
307,-0.49633583,0.77235055
308,-0.567765,0.28494883
309,-0.70217925,0.32262492
310,-0.30263776,0.9179136
311,-0.4803208,0.5331013
312,-0.618997,0.62322706
313,-0.2927987,0.008873694
314,0.029393312,0.50480425
315,-0.21782501,0.40371823
316,-0.18873914,0.8877486
317,-0.2162279,0.7065908
318,-0.08892093,0.81482184
319,-0.16435727,0.73692673
320,-0.2481521,0.6116345
321,-0.124406114,0.6533161
322,-0.16099297,0.7387009
323,-0.029277552,0.931948
324,0.06046392,0.7472858
325,-0.12801178,0.93516517
326,-0.18758263,0.6066978
327,-0.004352547,0.7687773
328,-0.21294759,0.8261102
329,0.2845368,0.84650594
330,0.4436959,0.7787751
331,0.020645617,0.25021222
332,0.116493866,1.0856196
333,0.17660178,1.0384079
334,0.2164912,1.1842935
335,0.31450236,1.0864899
336,0.09169033,0.8836355
337,0.2971375,0.8568017
338,0.30912426,0.9490407
339,0.5543252,0.857649
340,0.15510602,0.59347177
341,-0.04786397,0.47945076
342,-0.79846346,0.044225343
343,-0.3829279,0.4028451
344,0.3215625,0.6114833
345,0.073617876,0.75559056
346,-0.04486891,0.3772027
347,-0.12382836,0.677856
348,0.11569366,0.6518117
349,0.23068638,0.7268248
350,0.6415846,0.84275246
351,0.6381533,0.8444282
352,0.6759527,0.96577436
353,0.6374314,0.471402
354,0.75712764,0.7118277
355,0.6335005,1.0270013
356,0.7964817,0.9729769
357,0.60201246,0.6873322
358,0.7795491,0.88471586
359,0.7671599,0.74402344
360,0.72478986,0.7428649
361,0.76117283,0.9067376
362,0.8731971,0.8797709
363,0.979698,1.0827574
364,0.86035526,1.1707535
365,0.7754476,1.0295753
366,0.65595603,0.8769185
367,0.7624695,0.64091474
368,0.5615443,0.44284678
369,0.7330774,0.7240148
370,0.6883643,1.1340766
371,0.77852196,1.0510625
372,0.94177526,0.95836735
373,0.9176853,0.905684
374,0.80817145,0.9224154
375,0.8240083,0.9479367
376,0.81646127,0.76304555
377,0.82322586,1.0334228
378,0.744485,1.1064845
379,0.72367114,1.0622828
380,0.5549706,1.030247
381,0.248454,0.90925455
382,0.57689536,1.0465369
383,0.6017172,0.9154648
384,0.4721939,1.0953374
385,0.5303695,0.95620066
386,0.64280903,0.83326626
387,0.589058,0.85118073
388,0.23771897,0.8709873
389,0.71985376,0.66182965
390,0.8457307,1.0278598
391,0.8033792,0.8868446
392,0.9474006,0.8994058
393,0.9147488,0.929517
394,0.41749272,0.8874482
395,0.9818225,0.7843292
396,0.9815346,0.9898726
397,1.0433927,1.1158607
398,1.0777236,0.8923088
399,1.131126,1.2028989
400,1.1216164,0.82621247
401,1.1355368,1.1407498
402,1.2393472,1.2850199
403,1.1085901,0.98461837
404,1.0293927,1.2800089
405,1.1458031,1.0807992
406,1.189303,1.1443597
407,1.1707065,1.3064065
408,1.1569285,1.1049284
409,0.8936776,1.046025
410,0.7677593,0.9304035
411,0.7386184,0.8943625
412,0.86351365,0.8613739
413,1.0449022,1.0482117
414,0.9028917,0.93547404
415,0.99263716,0.7056335
416,0.7779543,0.75505275
417,1.1125562,0.8457769
418,1.0846657,0.8568665
419,1.0827758,0.62468356
420,1.124955,1.0448931
421,1.039946,0.92498386
422,1.1575425,0.74693966
423,0.8385651,0.73995423
424,0.8483579,0.8815541
425,0.7059023,0.7891154
426,0.5660675,0.52923745
427,0.7569794,0.6049189
428,0.73651785,0.45811713
429,0.9418659,0.7687195
430,0.87202513,0.80082
431,0.4966062,0.05685784
432,-0.13623652,-0.044230994
433,-0.028713642,-0.07542831
434,0.38660288,0.47767296
435,0.61396635,0.46679997
436,0.7638751,0.5576044
437,0.44108498,0.5150175
438,-0.52778155,0.29275033
439,-0.4606966,0.3845361
440,-0.5897558,-0.35808846
441,-0.117692135,0.59296274
442,-0.6195419,0.028078292
443,-0.16034876,0.2780782
444,-0.11452106,0.13849935
445,0.02787887,0.6622946
446,0.11345826,0.45263737
447,0.0774921,0.3636871
448,0.014693398,0.13919546
449,0.29327857,0.73175013
450,0.63310593,0.8744638
451,0.7714624,0.8347639
452,0.689812,0.8772199
453,0.750163,1.0212704
454,0.7042629,1.0886846
455,0.73939115,0.84656954
456,0.7161914,0.7394108
457,0.57577133,1.0055124
458,0.60088754,0.989032
459,1.0529428,0.49850452
460,0.7771754,0.9712807
461,0.68687594,1.0984514
462,0.5223605,1.0349101
463,0.5907329,0.9287924
464,0.83794975,0.81772333
465,0.5414292,1.1555766
466,0.4509555,0.8406438
467,0.5072481,0.77477735
468,0.44999772,0.8312766
469,0.48703423,0.43089432
470,0.5334239,0.89767176
471,0.709424,0.843441
472,0.5888921,0.97225666
473,0.68896717,0.9167556
474,0.72661597,0.7204635
475,0.37111267,0.8833468
476,0.49963257,0.7216026
477,0.19260608,0.19821362
478,0.027106136,0.6735217
479,0.20451468,0.52280116
480,-0.7733321,-0.30579445
481,0.056139417,0.3929809
482,-0.4247792,-0.28203732
483,-0.7623141,-0.31765476
484,-0.6419981,0.3527744
485,-1.4903673,-0.19399063
486,-0.6750602,-0.13215664
487,-0.08622958,0.73740834
488,0.051459704,0.61734635
489,-0.17998569,0.14419347
490,0.040661637,0.4320885
491,-0.3966437,0.113869555
492,-0.816868,0.2762034
493,-0.49064264,0.43809405
494,-0.9006235,-0.17410249
495,-0.905336,-0.17452681
496,-1.0574166,0.0662353
497,-0.54378605,0.50053823
498,-0.4094796,0.59079826
499,-0.15918644,0.19189
500,-0.17472836,0.70152485
501,-0.115135044,0.5402858
502,0.008069482,0.31614515
503,-0.039733734,0.5540217
504,-0.12696813,0.3264209
