,Z_1,Z_2,Z_3,Z_4
0,-0.7752315,1.6038158,1.9454215,1.3649788
1,-0.3925333,1.3546196,1.413373,0.833682
2,-0.75263137,1.5130484,1.8737539,1.3285228
3,-0.67208415,1.4813352,1.7911263,1.2383468
4,-0.67684406,1.5285099,1.7983348,1.2236304
5,-0.8452,1.6177372,1.9782492,1.4052263
6,-0.61465794,1.4528607,1.7097905,1.1512514
7,-0.8405076,1.5977658,1.9717666,1.410956
8,-0.78049886,1.5227873,1.8664942,1.3248352
9,-0.7383664,1.5468063,1.8783748,1.3111635
10,-0.8337741,1.5916235,1.9912809,1.4320635
11,-0.58819574,1.4646553,1.7540461,1.1826798
12,-0.5390631,1.3727846,1.6532829,1.1159844
13,-0.39980066,1.3112253,1.4729599,0.92353934
14,-0.73983663,1.4195138,1.7785027,1.2851824
15,-0.6214509,1.3269917,1.5943283,1.1108282
16,-0.53168184,1.1201847,1.4295703,1.03089
17,-0.37778363,1.1996493,1.3428373,0.84511983
18,-0.622003,1.3312353,1.6028088,1.1201907
19,-0.5369735,1.4645338,1.6189075,1.0318321
20,-0.40004238,1.1760746,1.3062661,0.829955
21,-0.6492229,1.4097964,1.6535975,1.1323645
22,-0.77857924,1.383636,1.7154583,1.2579883
23,-0.752764,1.0974706,1.5863168,1.2812703
24,-0.78113914,1.0093842,1.4649279,1.2217885
25,-0.609875,0.90605116,1.3334928,1.0860506
26,-0.4645061,0.6901126,1.1404037,0.96380705
27,-0.4128209,0.33508813,0.76003844,0.7639302
28,-0.62928426,0.69524235,1.1608342,1.039069
29,-0.47200838,0.705277,1.0946763,0.9122564
30,-0.6936634,0.9362972,1.3803296,1.1457428
31,-0.54236925,0.88983136,1.1890546,0.93115866
32,-0.39110282,0.88368946,1.1673323,0.851683
33,-0.2589208,0.6859909,0.9785356,0.72602105
34,-0.14499986,0.41857398,0.84028465,0.6909227
35,0.42328563,-0.1973841,0.07970873,0.06030995
36,0.26228502,-0.22543783,0.21290934,0.2704185
37,0.3610523,-0.1378591,0.23925981,0.20654097
38,0.9346336,-0.9944249,-0.69501436,-0.469776
39,0.21455023,-0.92247015,-0.09438379,0.36403322
40,0.11885457,-0.1840595,0.28917024,0.3693211
41,0.7878102,-1.0385005,-0.4974735,-0.19928817
42,0.0321433,-0.12578334,0.3474854,0.43262053
43,0.64772755,-1.1684982,-0.619668,-0.19808522
44,1.5764964,-1.8558725,-1.8225961,-1.3700353
45,2.0223572,-2.484291,-2.6972797,-2.0403166
46,0.41157445,-1.2252866,-0.6332413,-0.08294052
47,1.59734,-2.2016964,-2.1013432,-1.4714044
48,2.4519384,-2.9365788,-3.5272307,-2.7079341
49,0.3895372,-1.1987008,-0.59786916,-0.060437
50,2.5667498,-3.1526604,-3.8434238,-2.9092653
51,1.5851779,-2.721813,-2.6818504,-1.7399156
52,2.1218412,-3.221897,-3.7536771,-2.6546972
53,2.3044624,-3.0381727,-3.6963763,-2.749561
54,1.6185157,-2.8018022,-3.0858233,-2.0810418
55,1.702741,-2.5098183,-2.747046,-1.9399748
56,0.81018233,-1.5511377,-1.1933641,-0.60803616
57,1.3096812,-2.1614668,-2.0592604,-1.3140177
58,0.5548136,-1.2575455,-0.7409247,-0.22017817
59,1.2648456,-1.9966455,-1.8141048,-1.1578506
60,0.89044595,-1.3800224,-1.0670261,-0.6168334
61,1.1675792,-1.6799923,-1.5424877,-1.0291189
62,1.5544736,-2.091977,-2.1373713,-1.5342127
63,0.7747707,-1.5607219,-1.2765191,-0.69017625
64,0.99419147,-1.674523,-1.533639,-0.9695468
65,0.84681475,-0.9988684,-1.0694407,-0.82003486
66,0.8992562,-1.1789544,-1.1401287,-0.8134309
67,0.3095385,-0.7910022,-0.52708745,-0.19326082
68,0.2006491,-0.65784776,-0.32761616,-0.026728371
69,0.17732945,-0.6402313,-0.31112084,-0.0072618444
70,0.010548437,-0.29454988,-0.010936944,0.16638218
71,0.30376968,-0.83133346,-0.5854651,-0.22142698
72,0.2816981,-0.95696807,-0.662759,-0.21721163
73,-0.06586403,-0.6933116,-0.2978666,0.12782857
74,0.57384765,-1.2260125,-1.144765,-0.65115964
75,0.7070807,-1.7260325,-1.630811,-0.9146446
76,0.50589824,-1.3405013,-1.3182791,-0.74939686
77,0.37098774,-1.3615667,-1.2406925,-0.6109244
78,-0.05801523,-0.9317408,-0.6356073,-0.08674024
79,0.14344564,-0.9912807,-0.8027276,-0.2956547
80,0.104739,-0.98286307,-0.7574524,-0.24075429
81,-0.08238357,-0.63044757,-0.32477674,0.07653911
82,-0.21316355,-0.3170653,-0.102435336,0.16331673
83,-0.025421787,-0.67070675,-0.43540415,-0.042913556
84,0.03194319,-0.62081426,-0.49560755,-0.15150514
85,0.016248701,-0.44151574,-0.43581116,-0.18767044
86,0.26185387,-0.47729412,-0.64877486,-0.4653825
87,-0.18653613,-0.183094,-0.09251919,0.086837955
88,-0.31477827,0.057852983,0.09477882,0.188128
89,0.19622542,-0.15043333,-0.3592432,-0.3400476
90,0.17514126,-0.24410029,-0.36287758,-0.28238958
91,0.14892793,-0.50084454,-0.39509618,-0.16773783
92,-0.13081048,-0.31583446,-0.14846414,0.0811345
93,-0.06358829,-0.23776977,-0.20767453,-0.054020695
94,-0.18628001,0.05116117,-0.013315598,0.034088384
95,0.53635126,-0.25840557,-0.49786243,-0.54597163
96,-0.23167558,0.10426848,0.12384213,0.15965384
97,-0.031029748,-0.09348112,-0.1406225,-0.068007685
98,-0.27301186,0.066110946,0.09247723,0.16657299
99,-0.13957529,0.073690094,0.017945532,0.042744778
100,-0.3352317,0.15444349,0.24198392,0.2914965
101,-0.08824372,0.06392779,-0.0021773893,0.004552829
102,0.278001,-0.021956924,-0.34239382,-0.42154086
103,-0.3795846,0.3422473,0.44474882,0.4057563
104,-0.39511296,0.41681653,0.50445706,0.42804942
105,-0.32862633,0.49334097,0.49586314,0.35617518
106,-0.43733695,0.37696028,0.5807994,0.54896766
107,-0.6206766,0.72216666,0.95518047,0.79746217
108,-0.45508385,0.4374959,0.65338266,0.5962885
109,-0.18284096,0.17300062,0.28859386,0.2836065
110,0.06902425,-0.043769907,0.0008262964,0.020126006
111,0.494909,-0.94339675,-0.8754833,-0.5271869
112,0.34891537,-0.8478119,-0.74946123,-0.4034066
113,-0.14677216,-0.43406016,-0.10479903,0.20648846
114,-0.27180022,-0.24177942,0.11566485,0.3659851
115,0.19312075,-0.515117,-0.39715162,-0.17324567
116,-0.25917372,-0.238227,0.03185819,0.2745826
117,0.30362353,-0.5780488,-0.52443635,-0.31280717
118,-0.2285684,-0.20617992,0.15220326,0.3670848
119,0.02059981,-0.2831762,-0.13035196,0.03464758
120,-0.022828417,-0.5579718,-0.25728968,0.07599692
121,-0.14265251,-0.37275574,-0.08543913,0.18975413
122,0.3992807,-0.86192733,-0.79216087,-0.4556919
123,-0.17979765,-0.3924241,0.0071077086,0.30580774
124,-0.10352888,-0.18209673,-0.06354933,0.086521
125,-0.041033663,-0.15940526,-0.13799831,-0.0220642
126,-0.3382055,0.070580915,0.31733215,0.4241736
127,-0.2616138,-0.0120776575,0.280649,0.4017645
128,0.23470497,-0.5016351,-0.52125686,-0.3097755
129,-0.1662612,-0.25617847,0.055769257,0.27448425
130,-0.15756322,-0.49572718,-0.09763118,0.25528568
131,-0.19580543,-0.51121414,-0.10824409,0.2654523
132,0.16406016,-0.996118,-0.69144696,-0.17445686
133,0.16093172,-0.96797377,-0.61557895,-0.1104394
134,-0.18744849,-0.80530334,-0.24482673,0.2916856
135,-0.069003224,-0.90907156,-0.43180886,0.11915389
136,-0.25264555,-0.6736473,-0.25471166,0.23469149
137,0.01578802,-0.6269968,-0.44522116,-0.077242546
138,-0.18237244,-0.72914934,-0.24951836,0.24320076
139,-0.3185229,-0.4221823,-0.008163981,0.36431935
140,-0.2677536,-0.5548261,-0.16746897,0.26191884
141,-0.22109088,-0.47067252,-0.19127786,0.17755722
142,-0.46422043,-0.17230321,0.21349066,0.50376785
143,-0.26464435,-0.2599467,-0.044665515,0.22292107
144,-0.4655858,-0.046489947,0.25797775,0.47802815
145,-0.43949053,-0.0925547,0.2396417,0.473876
146,-0.53373086,-0.07716223,0.35252598,0.61514336
147,-0.084065616,-0.81763655,-0.5063533,0.01481368
148,-0.39359647,-0.6495467,-0.19547164,0.34023806
149,-0.23535642,-0.76817614,-0.4311564,0.10453132
150,-0.2998398,-0.6549303,-0.33624983,0.15831003
151,-0.19693354,-0.88808197,-0.58424777,0.0028692097
152,-0.1987978,-0.9129726,-0.5521138,0.0463991
153,-0.0127653815,-1.0548054,-0.7956626,-0.18663007
154,-0.15650952,-0.6959424,-0.4623332,-0.0010629642
155,-0.17850143,-0.73894453,-0.478229,0.015244186
156,-0.17691252,-0.7279305,-0.48749363,-0.002460623
157,-0.23793565,-0.54729855,-0.33948457,0.06568207
158,-0.25007847,-0.40958378,-0.22654226,0.10480419
159,-0.0030387286,-0.5675633,-0.40298495,-0.07811668
160,-0.23641817,-0.3919755,-0.15269625,0.1675045
161,-0.114384145,-0.6064159,-0.40622222,-0.01215606
162,-0.28811005,-0.5880455,-0.25927132,0.18779413
163,-0.14189008,-0.7106815,-0.44216904,0.023657762
164,0.023589328,-1.0799419,-0.74820036,-0.13546495
165,0.32224333,-1.6521659,-1.3171886,-0.48531425
166,0.14289244,-1.6172938,-1.1723505,-0.30111343
167,0.5290025,-1.7655503,-1.6177479,-0.8119815
168,0.0060519013,-1.5431935,-1.027142,-0.14630596
169,0.3846895,-1.7441063,-1.4973273,-0.64771205
170,0.84894,-2.223487,-2.0078301,-1.068029
171,0.67094266,-2.1917639,-1.8473046,-0.85701233
172,0.7297492,-2.021642,-1.6287193,-0.75657535
173,0.35769576,-1.5514827,-1.1034948,-0.35049036
174,0.48863983,-1.4896102,-1.0563296,-0.39591312
175,0.4336734,-1.3828112,-0.91896963,-0.29787102
176,-0.032241866,-0.9371204,-0.4063122,0.15446702
177,-0.124854095,-0.8640853,-0.3258089,0.22625785
178,0.05699534,-1.1345915,-0.6086407,0.024525534
179,-0.108294725,-0.9742229,-0.34182978,0.27297673
180,-0.07593642,-0.99132943,-0.39238685,0.22190236
181,-0.052583188,-1.0032207,-0.40833443,0.20306681
182,0.3309215,-1.1138505,-0.7557815,-0.2325303
183,0.09331906,-1.2007018,-0.61339086,0.04939886
184,0.24147075,-1.1932045,-0.7451187,-0.14168665
185,0.08962052,-0.9022275,-0.47421932,0.020267764
186,-0.13877316,-0.75230974,-0.19654599,0.29815304
187,0.1944781,-0.94392425,-0.57122666,-0.08972162
188,0.4522715,-0.99543273,-0.8264761,-0.41433915
189,0.112228215,-0.98879105,-0.63165736,-0.09935166
190,0.29571748,-1.3364824,-1.0058484,-0.3481974
191,0.0014137505,-1.0133135,-0.56945926,0.017577006
192,0.14631689,-1.155345,-0.75131065,-0.13856277
193,0.07017719,-0.97734976,-0.56542814,-0.024238924
194,-0.05887587,-0.91466784,-0.45273587,0.09523253
195,-0.2345607,-0.62833846,-0.18053597,0.27067995
196,-0.061597906,-0.68411463,-0.28355756,0.1386651
197,0.32331687,-0.84805495,-0.68540716,-0.31156406
198,0.18488212,-0.84276015,-0.52593106,-0.102154166
199,0.09456299,-0.8043285,-0.4340182,0.0013102521
200,0.05634742,-0.76549095,-0.37909988,0.050619
201,0.28953928,-0.974021,-0.63701856,-0.17320898
202,0.38626683,-0.9728514,-0.72465646,-0.2966184
203,0.3485028,-0.944463,-0.6895311,-0.26143128
204,0.011439674,-0.8193809,-0.37828308,0.100309916
205,-0.009672318,-0.7487983,-0.33015501,0.11563308
206,0.16483758,-1.1036432,-0.6719284,-0.085534036
207,0.16422635,-0.97884965,-0.6144976,-0.10266044
208,0.25790122,-1.240142,-0.81811297,-0.20096125
209,0.4999825,-1.0458245,-0.91846377,-0.49260467
210,-0.21783686,-0.65379643,-0.06897796,0.3943927
211,-0.18326597,-0.6368779,-0.046924725,0.3935285
212,0.07964766,-0.558814,-0.24727052,0.05738909
213,-0.23062925,-0.052295387,0.30680904,0.44294336
214,0.03251141,-0.094462395,0.0588727,0.12351085
215,-0.090317845,-0.0122197615,0.117134355,0.18053359
216,0.11993388,-0.056873247,-0.014260051,0.0060562505
217,0.01697399,-0.22507432,0.028934918,0.17428225
218,-0.2397516,0.057224587,0.3121566,0.3974466
219,-0.40357274,0.00512933,0.43058383,0.5950917
220,0.07709799,-0.04166822,0.02330063,0.044024788
221,-0.5165742,0.30809993,0.6925545,0.7319432
222,-0.008071413,0.084178224,0.2271997,0.21292168
223,0.13808873,-0.03781761,0.049389865,0.051789187
224,-0.19486715,0.19682953,0.384829,0.37879658
225,0.032316696,0.10967106,0.18984744,0.15392269
226,-0.5442342,0.3349619,0.71295375,0.754823
227,-0.5925714,0.38161603,0.73792416,0.7729548
228,-0.5253454,0.3684994,0.70677173,0.723193
229,-0.5563076,0.36829054,0.76314735,0.7895381
230,-0.7789037,0.4395336,1.0076251,1.0735878
231,-0.45196167,0.22782595,0.60138404,0.67294306
232,-0.4852075,0.23059916,0.644819,0.72309846
233,-0.58707947,0.2841887,0.7436149,0.825346
234,-0.5846333,0.34497887,0.7752517,0.82147104
235,-0.5303675,0.24624783,0.6994646,0.78055507
236,-0.42473203,0.22242686,0.57302386,0.632073
237,0.028303219,-0.096166044,0.1617786,0.22593288
238,-0.27273476,0.011568317,0.3903064,0.5098953
239,-0.47340757,0.15010871,0.5987771,0.71377903
240,0.10113096,-0.08488104,0.1324425,0.15517935
241,-0.23859097,0.019174637,0.35486162,0.45601895
242,-0.26553714,-0.030907828,0.29518232,0.4357785
243,-0.35088956,0.023898436,0.3595436,0.5008574
244,-0.14568281,-0.11097506,0.21946973,0.36074117
245,-0.28792295,-0.022339102,0.27311876,0.41520768
246,-0.42400897,0.10473285,0.4556229,0.577758
247,0.19962287,-0.21564968,-0.17633992,-0.10556555
248,-0.27287704,0.057766788,0.2905459,0.3845054
249,-0.24518023,0.039656714,0.26967585,0.36521268
250,-0.34985444,0.07034974,0.3979797,0.5127166
251,-0.3448903,0.065370746,0.37670988,0.4925529
252,-0.15054327,0.035797827,0.16392106,0.23210451
253,-0.06178127,-0.25198552,-0.0017486643,0.18943408
254,-0.05935379,-0.1751015,0.014884021,0.16421808
255,-0.23852332,-0.20181878,0.16945341,0.39572817
256,-0.17797507,-0.07239059,0.14180118,0.27475578
257,-0.35119948,0.037149556,0.3635926,0.4960342
258,-0.23415136,-0.13491072,0.21968895,0.40708908
259,-0.050851293,-0.15014534,0.041989274,0.1759733
260,-0.21045175,-0.040779747,0.23292506,0.36259612
261,-0.08773094,-0.19218984,-0.00036489218,0.16943453
262,-0.14195155,-0.12044836,0.13674474,0.2874117
263,-0.23529318,0.07702259,0.2229693,0.29844442
264,-0.21013948,0.026575992,0.2825914,0.38152146
265,-0.50274575,0.100560926,0.5541955,0.7127552
266,0.17937517,-0.38002464,-0.28668794,-0.10439688
267,-0.18403643,-0.36914748,-0.0483612,0.26005453
268,-0.16217853,-0.49928066,-0.15086156,0.22382657
269,-0.06768412,-0.6674485,-0.29936615,0.12613821
270,-0.16539413,-0.3629456,-0.17838842,0.11149264
271,0.46996903,-0.84156764,-0.87631285,-0.5538939
272,0.19659875,-0.49208894,-0.50464684,-0.27748746
273,-0.22397758,-0.12156572,0.023577716,0.19532327
274,0.278867,-0.25679827,-0.38366264,-0.31561232
275,-0.57208115,0.24970436,0.47373316,0.5675668
276,-0.5946013,0.31834352,0.49715537,0.5625619
277,-0.5833968,0.33862242,0.54193187,0.59094936
278,-0.5512025,0.3129599,0.48576987,0.5367709
279,-0.24105017,0.15881622,0.20232436,0.22249833
280,-0.3952607,0.23862374,0.3224981,0.35181522
281,-0.2031502,0.21317096,0.25622195,0.22613242
282,0.028967114,0.070464514,0.08137006,0.043499682
283,-0.2815528,0.17776799,0.22921097,0.2539408
284,-0.28691956,0.17505583,0.24127993,0.27135038
285,-0.37233558,0.20402013,0.30753103,0.3559131
286,-0.1054226,-0.023075894,0.027976457,0.10204561
287,0.20350917,-0.15934886,-0.19997758,-0.17023793
288,-0.009087693,-0.17142724,-0.11761677,0.005705943
289,0.3855742,-0.64062226,-0.53715104,-0.30993056
290,0.66045856,-0.52179223,-0.6284564,-0.57169527
291,-0.35795176,0.21508813,0.35700482,0.39050448
292,-0.058250155,0.037792765,0.107588865,0.13078296
293,0.24997647,-0.2550667,-0.16685021,-0.09472852
294,0.34281754,-0.42219037,-0.34238762,-0.22265725
295,0.28906885,-0.19621977,-0.2139458,-0.19652787
296,0.303843,-0.27010325,-0.210065,-0.15256639
297,-0.061699647,0.119790666,0.18253615,0.16368315
298,0.07339687,0.01002986,0.047753386,0.041908108
299,-0.20154184,0.19627292,0.273377,0.2651959
300,-0.36807445,0.21548092,0.40215454,0.447248
301,-0.12492834,0.120480396,0.16129753,0.16870339
302,-0.011514876,0.16986714,0.19615495,0.13543107
303,-0.32520777,0.34103787,0.46621168,0.42863223
304,0.11118537,-0.077795036,0.03404712,0.06589489
305,-0.043757543,0.1238829,0.23437959,0.21077296
306,-0.37587437,0.565525,0.6586169,0.5107472
307,-0.5471421,0.6423901,0.8869508,0.7585359
308,-0.0062942086,0.34495908,0.37965292,0.21763794
309,-0.09230489,0.304336,0.38140586,0.27408513
310,-0.65977484,0.79910576,1.0976124,0.91914886
311,-0.27904278,0.51036745,0.6470795,0.49357614
312,-0.3927825,0.5163252,0.7527176,0.63815343
313,0.33004797,0.29459485,0.116629936,-0.13629332
314,-0.1664739,0.6917711,0.6853197,0.39017612
315,-0.09188906,0.558946,0.5999023,0.3559609
316,-0.60427684,0.84736115,1.123709,0.90136313
317,-0.41511318,0.74376845,0.9275177,0.6956005
318,-0.51913947,0.8302025,1.0262659,0.7836443
319,-0.441351,0.777061,0.94226956,0.6992045
320,-0.31472278,0.6742893,0.78384227,0.55590725
321,-0.33780584,0.7500886,0.86589104,0.6041559
322,-0.43217948,0.7725221,0.9686458,0.72823673
323,-0.61477953,0.9366863,1.1830964,0.91317415
324,-0.38781902,0.8863066,1.0232314,0.70006883
325,-0.61954147,0.91357344,1.2100072,0.956969
326,-0.2858189,0.6938628,0.82227767,0.5721931
327,-0.44803494,0.8384224,0.9780791,0.7057882
328,-0.5276397,0.8003378,1.0569339,0.83410287
329,-0.4772276,0.9814272,1.1193262,0.77729815
330,-0.40470865,0.9488503,1.0363717,0.6911739
331,0.12758847,0.5650521,0.4739939,0.14865802
332,-0.77894306,1.057121,1.3415567,1.0650929
333,-0.74199617,1.0235481,1.2224704,0.95150113
334,-0.8836211,1.1234226,1.4142538,1.1371565
335,-0.7619459,1.1007313,1.3054299,0.99772906
336,-0.5617953,0.9238423,1.1031127,0.8202775
337,-0.4939348,0.98676914,1.1025366,0.76097655
338,-0.59717137,1.03755,1.2170701,0.8823409
339,-0.4552485,1.0780993,1.1417238,0.7375795
340,-0.19458064,0.8175222,0.8887198,0.5293693
341,-0.08875869,0.6840006,0.77493435,0.44775346
342,0.27530995,0.16446353,0.25291908,0.07408506
343,-0.08989228,0.49149507,0.5633322,0.33996767
344,-0.22312951,0.8521514,0.8175446,0.4450596
345,-0.44609132,0.8168226,0.9113864,0.64197797
346,0.026466787,0.64157987,0.6168548,0.26465797
347,-0.3952697,0.6998948,0.8037775,0.5812869
348,-0.3334073,0.7734861,0.7704886,0.4849432
349,-0.4036791,0.8490951,0.84729004,0.5428895
350,-0.4669994,1.0569682,1.0135633,0.62134516
351,-0.47202837,1.0562217,1.0235244,0.6339874
352,-0.5979417,1.1357281,1.1624427,0.7745946
353,-0.023694549,0.9023945,0.7005321,0.22950779
354,-0.29284883,1.052064,0.9272979,0.47363582
355,-0.66832,1.1641483,1.2383765,0.86359316
356,-0.5850903,1.1888146,1.196871,0.7801524
357,-0.28821927,0.98735493,0.8990427,0.47911593
358,-0.4969421,1.1394243,1.1050555,0.6853195
359,-0.33092225,1.0738937,0.9807198,0.5317762
360,-0.30662847,1.0775452,1.0099173,0.55395
361,-0.5167887,1.1460885,1.1241792,0.7087276
362,-0.4576359,1.1891074,1.1274381,0.6597597
363,-0.6687977,1.323066,1.3466343,0.88512444
364,-0.7735442,1.3383545,1.4525956,1.0204618
365,-0.63049424,1.2271805,1.2813814,0.85995394
366,-0.47949833,1.1115524,1.1266006,0.7156335
367,-0.18427205,1.045989,0.9122227,0.42338294
368,0.015483042,0.8733612,0.70174474,0.23386171
369,-0.26791394,1.0828468,1.0175195,0.54038745
370,-0.729392,1.2798274,1.4595475,1.0410454
371,-0.62231344,1.2698958,1.3720938,0.92427427
372,-0.47908327,1.2891648,1.3283695,0.8167006
373,-0.4206204,1.2561059,1.2827494,0.7689044
374,-0.46250832,1.2235548,1.2892346,0.80938613
375,-0.49352357,1.2294483,1.312601,0.83968586
376,-0.29944533,1.1239687,1.1058147,0.62272114
377,-0.58781505,1.2728796,1.3872888,0.9218927
378,-0.6803972,1.2864629,1.4629153,1.0222296
379,-0.61855775,1.2676315,1.4400506,0.9880472
380,-0.6130579,1.1899916,1.3765359,0.9646121
381,-0.54973644,1.0011247,1.1722729,0.8414624
382,-0.6413369,1.1964366,1.366032,0.96008635
383,-0.50572485,1.1387427,1.2276379,0.8091367
384,-0.72732997,1.1892941,1.4241648,1.0561643
385,-0.56628543,1.1314728,1.2697185,0.8743753
386,-0.42775533,1.0933598,1.1219065,0.6992096
387,-0.4543274,1.0824826,1.1369883,0.72906363
388,-0.53100497,0.9625465,1.1097953,0.7913375
389,-0.2088451,1.0268718,0.9630307,0.49182415
390,-0.6094557,1.256102,1.34747,0.89576584
391,-0.4629696,1.166708,1.182965,0.72747576
392,-0.45853803,1.2192026,1.2128197,0.72834486
393,-0.49236768,1.224294,1.234797,0.7607107
394,-0.539106,1.0288804,1.1374164,0.7881652
395,-0.34808543,1.161774,1.0238836,0.5307195
396,-0.5834687,1.2728183,1.2400498,0.7731627
397,-0.70969725,1.3504223,1.3786951,0.9105656
398,-0.4230195,1.2703917,1.2276314,0.6968029
399,-0.7750214,1.4250547,1.5301819,1.0425078
400,-0.35040453,1.2527318,1.1247896,0.57746553
401,-0.7003757,1.4023721,1.4679925,0.9613292
402,-0.8492544,1.4961396,1.6090972,1.1073414
403,-0.52283925,1.3203554,1.2980858,0.76995265
404,-0.86648583,1.4359211,1.6039752,1.1404537
405,-0.6335836,1.3751616,1.3703924,0.8578076
406,-0.70231324,1.4224296,1.4462985,0.933643
407,-0.89003617,1.4889114,1.6094601,1.1284618
408,-0.68743026,1.3728806,1.3471972,0.85391414
409,-0.6532853,1.2539961,1.2950258,0.858903
410,-0.55132437,1.157711,1.1438606,0.72487384
411,-0.49519524,1.1373516,1.1737548,0.7472547
412,-0.44281268,1.1861359,1.1539608,0.6875863
413,-0.6476392,1.3218374,1.2770039,0.8121592
414,-0.54556984,1.2188251,1.1258308,0.6775684
415,-0.260753,1.1448641,0.9228932,0.41166013
416,-0.36172986,1.0800554,0.9250007,0.48544723
417,-0.39967665,1.2530396,1.0718403,0.55037946
418,-0.4170019,1.2510617,1.0856608,0.57268625
419,-0.1398622,1.1474917,0.88487077,0.32425675
420,-0.6404712,1.348096,1.25952,0.7763269
421,-0.5283911,1.2548401,1.1465117,0.6700523
422,-0.2913925,1.2115165,0.98513967,0.44384247
423,-0.34954268,1.0946422,0.91496325,0.4621356
424,-0.5152686,1.1594945,1.042867,0.61650175
425,-0.4407793,1.0624508,0.91760784,0.5176184
426,-0.15452026,0.8845421,0.6694278,0.26016396
427,-0.21543707,0.9853646,0.7415495,0.30017638
428,-0.043211583,0.9078227,0.60052204,0.13426164
429,-0.3839959,1.12144,0.8915522,0.44034413
430,-0.4229842,1.1202939,0.92493075,0.4841838
431,0.3807579,0.60845864,0.18761206,-0.27638748
432,0.36644945,0.29278538,-0.04067421,-0.32366404
433,0.45280784,0.34752494,-0.012721196,-0.36349395
434,-0.13218942,0.7785251,0.5497815,0.18854429
435,-0.06569408,0.8706478,0.5827257,0.14315699
436,-0.11504556,0.9873882,0.7487787,0.26524752
437,-0.11696468,0.8535759,0.68346876,0.27742547
438,0.019802602,0.4197925,0.46376508,0.24267578
439,-0.1244665,0.44329315,0.4647832,0.28766733
440,0.6829419,-0.006496884,-0.3240192,-0.560192
441,-0.30548605,0.68594,0.68689847,0.44180948
442,0.24169634,0.18024705,0.07398965,-0.09967648
443,0.05360458,0.5083932,0.3843237,0.101437785
444,0.21768452,0.44859806,0.24951404,-0.06264109
445,-0.36335963,0.77401525,0.74168384,0.46634927
446,-0.0991638,0.7026104,0.5582307,0.22195525
447,0.003981752,0.6466264,0.4844071,0.14015439
448,0.26072267,0.50941885,0.28483662,-0.08242492
449,-0.38792765,0.90685666,0.8651835,0.5257413
450,-0.48359984,1.110773,1.07623,0.65886277
451,-0.38845274,1.1652288,1.0929,0.6069953
452,-0.47042972,1.1394712,1.091652,0.6550524
453,-0.6436367,1.2157384,1.210195,0.79613256
454,-0.7223815,1.2356247,1.2830205,0.8866086
455,-0.42199337,1.144412,1.0803146,0.6189914
456,-0.3379832,1.0562029,0.9077949,0.46587
457,-0.6596261,1.1378257,1.1788437,0.8121691
458,-0.63370836,1.1565872,1.188874,0.80966187
459,0.031604405,1.0903721,0.82505625,0.23110598
460,-0.579585,1.2130527,1.2322818,0.79604554
461,-0.7469057,1.241623,1.3277577,0.9420295
462,-0.6867488,1.1589053,1.263505,0.8998957
463,-0.5452922,1.1431068,1.1721113,0.76358265
464,-0.43340865,1.1213515,0.9836703,0.55237025
465,-0.83962065,1.2071958,1.3511682,1.0172138
466,-0.5014383,1.0260882,1.0189041,0.6583043
467,-0.41723916,1.004499,0.9558557,0.5800537
468,-0.49685994,1.0060264,0.9922393,0.64831597
469,-0.027092287,0.80761105,0.60044587,0.18863955
470,-0.5265908,1.0899457,1.1055019,0.71721995
471,-0.441249,1.1192364,1.0740925,0.64097565
472,-0.61548674,1.1271921,1.1717135,0.8002773
473,-0.5682591,1.11583,1.074096,0.6960275
474,-0.332117,1.0281943,0.88248277,0.46484005
475,-0.5637759,0.9991743,1.0351853,0.71834207
476,-0.39146838,0.94768596,0.8327145,0.48919332
477,0.17628643,0.5738099,0.31308454,-0.038343553
478,-0.3773943,0.77031577,0.7875929,0.5267225
479,-0.20656401,0.7259919,0.60283554,0.31134796
480,0.5409143,-0.10608568,-0.3769035,-0.48853147
481,-0.07742328,0.6048191,0.46776575,0.19153641
482,0.5524678,0.01558079,-0.38569427,-0.57141876
483,0.562899,-0.10894697,-0.38558677,-0.5055528
484,-0.1616866,0.31236565,0.309806,0.22069025
485,0.30031505,-0.32001463,-0.3869156,-0.3027107
486,0.3729369,0.034104206,-0.21311343,-0.34773
487,-0.48273122,0.75554454,0.7828972,0.569899
488,-0.31791055,0.75366086,0.6844895,0.4138206
489,0.18577838,0.41877475,0.19203103,-0.08594985
490,-0.09774972,0.66230667,0.5564085,0.25237986
491,0.18474108,0.33082396,0.1750929,-0.052742954
492,-0.08896924,0.22407128,0.22735575,0.15854017
493,-0.21247034,0.44777423,0.44625798,0.30043292
494,0.41102934,-0.040349614,-0.19711939,-0.30946532
495,0.4177525,-0.03054147,-0.1831581,-0.30179867
496,0.10080486,0.015829919,-0.0108371135,-0.037042897
497,-0.29670522,0.45143002,0.47496966,0.35568738
498,-0.3758263,0.55699325,0.5797128,0.43449172
499,0.11787703,0.43969044,0.21937767,-0.049960684
500,-0.44836056,0.7119067,0.7367881,0.535564
501,-0.27724496,0.63256395,0.55269355,0.33234057
502,0.015687907,0.5661144,0.36852735,0.07517498
503,-0.28642207,0.6550775,0.5753526,0.34830207
504,-0.037932906,0.51447207,0.351734,0.10869753
