,Z_1
0,-1.3068697
1,-0.846133
2,-1.234621
3,-1.1539966
4,-1.178423
5,-1.3691335
6,-1.0951372
7,-1.3492284
8,-1.2623423
9,-1.2443492
10,-1.3503314
11,-1.0848906
12,-0.9978461
13,-0.83947587
14,-1.1559327
15,-1.0051408
16,-0.82357985
17,-0.7489982
18,-1.0086012
19,-1.018825
20,-0.7406382
21,-1.0733701
22,-1.1392457
23,-0.96370244
24,-0.9221382
25,-0.7503799
26,-0.52814317
27,-0.27392927
28,-0.63784003
29,-0.5376932
30,-0.82496893
31,-0.669335
32,-0.58400244
33,-0.37893844
34,-0.1845676
35,0.5609846
36,0.4509031
37,0.4633515
38,1.3665179
39,0.77990407
40,0.3354659
41,1.2475004
42,0.24789925
43,1.246666
44,2.4492068
45,3.3928037
46,1.1277224
47,2.7130382
48,4.4283795
49,1.0872151
50,4.9753604
51,3.2199364
52,4.4316616
53,4.3649254
54,3.3650053
55,3.1502323
56,1.6361022
57,2.5013726
58,1.2480531
59,2.2971656
60,1.577946
61,1.9998753
62,2.6317213
63,1.6237345
64,1.8652087
65,1.3585317
66,1.494155
67,0.8347073
68,0.67163527
69,0.6522398
70,0.35503563
71,0.8700175
72,0.92919064
73,0.530797
74,1.3337755
75,1.748288
76,1.3612468
77,1.2703927
78,0.697013
79,0.8693613
80,0.831203
81,0.49241713
82,0.23620215
83,0.55508316
84,0.5859908
85,0.48659816
86,0.6954802
87,0.18529849
88,-0.027703704
89,0.4509168
90,0.48172432
91,0.57400876
92,0.28515053
93,0.29852402
94,0.07097312
95,0.720632
96,0.00086268364
97,0.25842038
98,0.0017782524
99,0.10070414
100,-0.093027905
101,0.13798957
102,0.45713064
103,-0.24024597
104,-0.28954107
105,-0.27622002
106,-0.28457636
107,-0.63070613
108,-0.34130856
109,0.012853723
110,0.3020351
111,1.1162679
112,0.94533235
113,0.34951484
114,0.15096667
115,0.6343651
116,0.1733222
117,0.74843067
118,0.15377626
119,0.38080737
120,0.49303484
121,0.31129685
122,0.9712441
123,0.2730938
124,0.24776663
125,0.28719926
126,-0.07228906
127,0.011173954
128,0.67559946
129,0.21158989
130,0.35029775
131,0.33284616
132,0.87675625
133,0.84578717
134,0.48419926
135,0.6375732
136,0.39493325
137,0.57883537
138,0.45550716
139,0.20117036
140,0.32186633
141,0.32548842
142,-0.028848076
143,0.17954822
144,-0.09224178
145,-0.05489761
146,-0.1324005
147,0.6357446
148,0.3086902
149,0.49093384
150,0.38100424
151,0.58348036
152,0.5810799
153,0.8026998
154,0.50194824
155,0.5066315
156,0.5090773
157,0.3667948
158,0.27789882
159,0.52187836
160,0.2673614
161,0.4850112
162,0.34648952
163,0.52697456
164,0.85059476
165,1.4178551
166,1.2523688
167,1.6498353
168,1.1035519
169,1.5259058
170,2.185082
171,2.0218537
172,1.9219071
173,1.3358456
174,1.3668932
175,1.2651652
176,0.6873542
177,0.58631855
178,0.86324054
179,0.6584071
180,0.69585323
181,0.71849024
182,1.0562357
183,0.9245466
184,1.0396904
185,0.75530934
186,0.5019631
187,0.85623604
188,1.0822061
189,0.8317821
190,1.1718577
191,0.75881255
192,0.9431319
193,0.77945715
194,0.6473459
195,0.36290422
196,0.509899
197,0.8905024
198,0.7763757
199,0.6913394
200,0.6475956
201,0.92648524
202,1.0015153
203,0.9595101
204,0.6428651
205,0.5905876
206,0.9213831
207,0.8506027
208,1.0604932
209,1.1407691
210,0.3654478
211,0.37445447
212,0.54081404
213,0.039062005
214,0.26966494
215,0.15043747
216,0.32484278
217,0.32428312
218,-0.00094587076
219,-0.10369816
220,0.2857092
221,-0.34652758
222,0.14563915
223,0.31785074
224,-0.039652985
225,0.17143609
226,-0.36663738
227,-0.41262457
228,-0.36572602
229,-0.39297548
230,-0.6055738
231,-0.23335157
232,-0.2667563
233,-0.37962887
234,-0.40563458
235,-0.32149124
236,-0.22278288
237,0.25304604
238,-0.01365816
239,-0.2246173
240,0.28936332
241,0.0156676
242,0.040988386
243,-0.042048156
244,0.158269
245,0.028590333
246,-0.14354485
247,0.47884318
248,-0.0016675736
249,0.023449555
250,-0.07880396
251,-0.071902364
252,0.09922043
253,0.2983055
254,0.2653326
255,0.13376053
256,0.12319425
257,-0.07125044
258,0.098904744
259,0.25677726
260,0.076814
261,0.26065832
262,0.1730904
263,0.02686631
264,0.04637057
265,-0.21573697
266,0.56482226
267,0.29648367
268,0.38129634
269,0.52632856
270,0.31451607
271,1.0329709
272,0.650402
273,0.13818455
274,0.5781549
275,-0.30702904
276,-0.35610342
277,-0.3670939
278,-0.32452196
279,-0.022412991
280,-0.1755366
281,-0.036110744
282,0.18713279
283,-0.061340436
284,-0.06675671
285,-0.14115678
286,0.1653909
287,0.4400932
288,0.31572318
289,0.8161701
290,0.9446987
291,-0.14756802
292,0.15650666
293,0.5081701
294,0.66323096
295,0.52107596
296,0.5635196
297,0.11199412
298,0.265812
299,-0.01709686
300,-0.14603026
301,0.08520593
302,0.123051986
303,-0.18566558
304,0.32815897
305,0.11176421
306,-0.3523048
307,-0.5322101
308,0.014730774
309,-0.016892929
310,-0.7086348
311,-0.26546156
312,-0.3584274
313,0.29833913
314,-0.27602357
315,-0.1497698
316,-0.69334775
317,-0.49302197
318,-0.61716187
319,-0.5333054
320,-0.38205764
321,-0.44352585
322,-0.53347605
323,-0.76044905
324,-0.56977063
325,-0.75620496
326,-0.38020492
327,-0.5722435
328,-0.62038577
329,-0.6768047
330,-0.601828
331,0.005318682
332,-0.9401917
333,-0.881312
334,-1.0525235
335,-0.94548935
336,-0.7022917
337,-0.6877542
338,-0.7952144
339,-0.7077734
340,-0.39304304
341,-0.25184706
342,0.27821517
343,-0.1387228
344,-0.41625327
345,-0.55086833
346,-0.14361769
347,-0.44958413
348,-0.4380303
349,-0.53015244
350,-0.6856112
351,-0.6861256
352,-0.82699853
353,-0.28822857
354,-0.5582844
355,-0.89488465
356,-0.8426324
357,-0.51799536
358,-0.7449842
359,-0.5900349
360,-0.5833343
361,-0.7630319
362,-0.7518097
363,-0.9842136
364,-1.0793369
365,-0.9078194
366,-0.72775364
367,-0.48308635
368,-0.24886209
369,-0.56902385
370,-1.0277841
371,-0.9398331
372,-0.85225755
373,-0.79147243
374,-0.80016094
375,-0.8278561
376,-0.6228991
377,-0.92629373
378,-1.0056623
379,-0.9542506
380,-0.90680635
381,-0.7453922
382,-0.9257073
383,-0.7836587
384,-0.9783207
385,-0.8255009
386,-0.6905802
387,-0.7066216
388,-0.7006999
389,-0.50210476
390,-0.9225052
391,-0.7607267
392,-0.78391784
393,-0.8133894
394,-0.7348035
395,-0.65479004
396,-0.8946562
397,-1.0345236
398,-0.78829116
399,-1.1405703
400,-0.7160626
401,-1.075918
402,-1.2425346
403,-0.8988803
404,-1.222549
405,-1.0010973
406,-1.0798752
407,-1.2619566
408,-1.0293474
409,-0.9392317
410,-0.7996498
411,-0.76001406
412,-0.7365142
413,-0.95465434
414,-0.8182526
415,-0.56952125
416,-0.6062223
417,-0.7336316
418,-0.7416013
419,-0.488274
420,-0.95188
421,-0.81731755
422,-0.6290037
423,-0.5934767
424,-0.7469366
425,-0.63453835
426,-0.33869505
427,-0.43125704
428,-0.27066785
429,-0.61912626
430,-0.65360934
431,0.17921537
432,0.34487122
433,0.3659089
434,-0.26072702
435,-0.27023453
436,-0.38377613
437,-0.31578535
438,-0.017823622
439,-0.10924798
440,0.7054467
441,-0.36284727
442,0.28903618
443,-0.01754598
444,0.1294259
445,-0.45038867
446,-0.23068555
447,-0.13234623
448,0.113759086
449,-0.5467152
450,-0.73264205
451,-0.7068542
452,-0.7403432
453,-0.90226644
454,-0.97582144
455,-0.7140454
456,-0.5866985
457,-0.87016064
458,-0.8597135
459,-0.35786244
460,-0.8604105
461,-0.9944542
462,-0.91127205
463,-0.8007241
464,-0.67777365
465,-1.0439261
466,-0.68980074
467,-0.6154952
468,-0.6685626
469,-0.22632965
470,-0.75364316
471,-0.7053852
472,-0.8327027
473,-0.7727776
474,-0.55587
475,-0.7170399
476,-0.54131305
477,0.054007493
478,-0.4596237
479,-0.29332766
480,0.6831377
481,-0.1433315
482,0.63919896
483,0.69769037
484,-0.04815199
485,0.6143871
486,0.48399737
487,-0.51565206
488,-0.39651865
489,0.13213019
490,-0.19938748
491,0.1762189
492,0.042248104
493,-0.15919288
494,0.52861965
495,0.52815217
496,0.29010767
497,-0.2202303
498,-0.3269066
499,0.07629297
500,-0.47001746
501,-0.2943541
502,-0.06170446
503,-0.3153003
504,-0.0667363
