,Z_1,Z_2,Z_3
0,0.45995742,0.4735281,-0.6500534
1,0.067254014,0.11031683,-0.24922831
2,0.59586936,0.6249689,-0.7644128
3,0.6846933,0.7245183,-0.83255297
4,-0.28888112,-0.1848358,0.19323346
5,0.30892855,0.40572995,-0.41525304
6,0.3153423,0.4326846,-0.4358333
7,0.6990896,0.77998376,-0.8066427
8,-0.013768375,0.088810936,-0.066657655
9,0.6496099,0.7090584,-0.776872
10,0.5311316,0.6432263,-0.59887004
11,0.89844114,0.99393153,-0.9377323
12,0.23271349,0.36412168,-0.30804902
13,0.38906518,0.50122523,-0.43881845
14,0.6246529,0.7022746,-0.74324137
15,0.29521438,0.375511,-0.43343964
16,0.08173851,0.2275304,-0.39228934
17,-0.36337242,-0.2641121,0.16153201
18,-0.17073134,-0.08067598,-0.015554518
19,0.35086814,0.44230473,-0.6113628
20,-0.0061956216,0.14069633,-0.30855817
21,0.39761686,0.4894097,-0.7058924
22,0.36284086,0.4722802,-0.66430473
23,0.5940175,0.6677781,-0.8008329
24,-0.28037995,-0.10594103,0.05281172
25,-0.4157244,-0.22675201,0.22604804
26,0.36453483,0.43946332,-0.60593194
27,-0.15176514,-0.086600274,-0.17327237
28,-0.34300372,-0.27580163,0.033816636
29,0.021290418,0.12114559,-0.35182694
30,0.08578245,0.181502,-0.3548574
31,0.007813499,0.10176642,-0.2956138
32,-0.07566077,-0.03177306,-0.18146226
33,-0.044418585,0.023512587,-0.25347117
34,-0.41184384,-0.34726226,0.04006919
35,-0.95251733,-0.91297174,0.37475803
36,-1.2738929,-1.2959948,0.5250426
37,-1.4982789,-1.5394642,0.7266813
38,-2.410163,-2.6572564,1.401596
39,-2.1706192,-2.2560806,0.93799585
40,-1.8867725,-1.9424156,0.90638745
41,-3.0001462,-3.4644809,2.0408077
42,-1.8816847,-1.8785611,0.8913513
43,-2.4822888,-2.6697388,1.2998905
44,-3.87705,-4.8531866,2.8637607
45,-4.6940947,-6.7050266,4.123392
46,-4.474086,-6.144562,3.806635
47,-4.7077184,-6.9250884,4.3246293
48,-4.9562135,-7.647508,4.647419
49,-4.603448,-6.403678,3.698996
50,-4.926798,-7.391335,4.4174294
51,-4.7294664,-6.761296,4.073259
52,-5.0580764,-7.939712,4.739256
53,-4.8102345,-7.064492,3.959959
54,-5.104367,-7.934767,4.9525733
55,-5.0851893,-7.922342,4.8285403
56,-4.930892,-7.312175,4.5528345
57,-4.8978343,-7.246848,4.510872
58,-4.6307983,-6.342367,3.7999272
59,-4.724639,-6.6502523,3.9625702
60,-4.7898903,-6.9387856,4.301475
61,-4.7748966,-6.8409615,4.2750244
62,-4.769058,-6.8468857,4.15121
63,-4.629963,-6.413151,3.91574
64,-4.7720757,-6.8635345,4.2119684
65,-4.703264,-6.6158357,4.1954174
66,-4.73023,-6.7723236,4.283125
67,-4.5086136,-6.0638704,3.7971265
68,-4.564254,-6.257062,3.9438472
69,-4.412763,-5.7651205,3.5753427
70,-4.284551,-5.437047,3.3257306
71,-4.403075,-5.735986,3.508352
72,-4.6272902,-6.416757,4.001152
73,-4.235452,-5.34772,3.2781022
74,-4.7348795,-6.742172,4.278993
75,-4.8045692,-6.935184,4.3762007
76,-4.760105,-6.812416,4.354896
77,-4.6414285,-6.4092135,4.0707364
78,-4.3444133,-5.5498786,3.4307237
79,-4.4688444,-5.9101896,3.784161
80,-4.3093934,-5.4910793,3.4487598
81,-4.047353,-4.916816,3.167722
82,-4.0539837,-4.938246,3.1359305
83,-4.0151286,-4.7333565,2.7417526
84,-3.8132968,-4.3364286,2.5320063
85,-4.1932716,-5.2475786,3.390294
86,-4.1544795,-5.1220803,3.2603137
87,-3.6559012,-4.0381727,2.3001451
88,-3.4135208,-3.5845284,2.1916935
89,-4.0167394,-4.7696652,3.3216562
90,-3.874611,-4.594387,2.9350147
91,-4.088165,-5.053619,3.105966
92,-3.895128,-4.5866294,2.7393415
93,-3.993296,-4.769309,2.9523115
94,-3.9075603,-4.679991,3.0587723
95,-3.9623878,-4.781705,3.0702987
96,-3.5511234,-3.956464,2.440523
97,-3.7143543,-4.240083,2.6386526
98,-3.6996891,-4.2037477,2.6408515
99,-3.505011,-3.827802,2.4131408
100,-3.3892074,-3.6059124,2.212759
101,-3.8623154,-4.511976,2.9577649
102,-3.7217722,-4.2623253,2.7239983
103,-3.5558534,-3.930607,2.4907486
104,-3.3081791,-3.514781,2.1594267
105,-3.2123466,-3.3200788,2.0856037
106,-2.9615715,-2.9743047,1.7676358
107,-2.3991513,-2.2185366,1.0836684
108,-3.0131092,-3.1804228,1.7133511
109,-3.5654135,-4.0373406,2.5087564
110,-3.8157587,-4.4587727,2.795997
111,-4.360386,-5.840438,3.5397706
112,-4.09674,-5.075601,3.0204802
113,-3.6200054,-4.0691047,2.259107
114,-3.7194624,-4.2984605,2.4672854
115,-4.0798326,-5.1432548,3.0734437
116,-3.6123734,-4.0291014,2.2493973
117,-4.210257,-5.5077343,3.3770528
118,-3.4695873,-3.862885,2.1124768
119,-3.4289677,-3.7737646,2.1221097
120,-4.121185,-5.291083,3.149442
121,-3.6351044,-4.0856876,2.3407857
122,-4.02762,-5.0171466,2.901426
123,-3.4926913,-3.9195855,2.0478232
124,-3.850089,-4.487233,2.7623415
125,-3.8412232,-4.6541586,2.6459262
126,-3.3439872,-3.623756,1.9760243
127,-3.445389,-3.744775,2.1398048
128,-3.473289,-3.885941,2.1257052
129,-3.7901645,-4.4983025,2.6874576
130,-3.8773186,-4.672319,2.7698536
131,-3.6054006,-4.0819936,2.4221723
132,-3.8327332,-4.48964,2.7543817
133,-3.6883152,-4.21133,2.5746121
134,-3.4795787,-3.8668563,2.1897597
135,-3.418338,-3.711201,2.1344197
136,-3.1953056,-3.3546352,1.7676194
137,-3.5069938,-3.8627908,2.296815
138,-3.034325,-3.0740173,1.7059321
139,-3.1943026,-3.3599946,1.9046543
140,-2.7821379,-2.7470465,1.3534235
141,-2.9521914,-2.9952087,1.6050023
142,-2.714163,-2.654297,1.2869176
143,-3.0551987,-3.144129,1.7139442
144,-2.7461822,-2.6948488,1.3819062
145,-3.3027554,-3.5771573,2.1060562
146,-2.822183,-2.8491232,1.5566338
147,-3.3998508,-3.7409794,2.486454
148,-2.351724,-2.1946247,1.0492756
149,-3.0789793,-3.2423172,2.1566594
150,-2.285763,-2.05611,0.9634788
151,-2.6752434,-2.466656,1.415973
152,-3.3662505,-3.5444093,2.4691477
153,-2.1529393,-1.9282928,0.857716
154,-2.6438382,-2.6175866,1.4760199
155,-2.872653,-2.9306152,1.7247958
156,-2.4619308,-2.3462117,1.2131437
157,-2.8426168,-2.8637893,1.6869719
158,-2.4048183,-2.2851002,1.1786451
159,-2.5216486,-2.4040484,1.3161495
160,-3.101416,-3.3196082,1.974288
161,-3.1290565,-3.3822002,2.03136
162,-2.517985,-2.4114983,1.2896377
163,-2.934751,-3.0390694,1.8134271
164,-3.1200755,-3.3040514,1.9583657
165,-3.242615,-3.5015883,2.104686
166,-3.2606325,-3.5634665,2.2549953
167,-3.385315,-3.7452946,2.3519807
168,-2.818173,-2.8765857,1.5344309
169,-3.3311348,-3.655418,2.2010605
170,-2.891543,-2.926807,1.49759
171,-3.0116396,-3.1732037,1.7290908
172,-3.299896,-3.61119,2.0516338
173,-3.3227358,-3.6075966,2.1568236
174,-3.1591141,-3.381431,1.8902055
175,-2.9138377,-3.016091,1.6599464
176,-3.072176,-3.276177,1.8971647
177,-2.889007,-2.9372504,1.6029733
178,-3.1000004,-3.2727308,1.9217684
179,-2.5628445,-2.5429876,1.1467731
180,-3.325555,-3.6409793,2.1304126
181,-3.1057117,-3.2622967,1.7686559
182,-3.765701,-4.3848133,2.7809303
183,-3.799003,-4.4659405,2.6253278
184,-3.7401652,-4.3339286,2.4804935
185,-3.883649,-4.5911613,2.7649546
186,-3.5610547,-4.0305533,2.3625386
187,-3.900249,-4.6540604,2.8551247
188,-3.88427,-4.5995398,2.8532321
189,-3.6368754,-4.041882,2.2574077
190,-3.8493962,-4.4278216,2.641735
191,-3.554474,-3.938394,2.2518022
192,-3.6810951,-4.2162266,2.404766
193,-3.6558092,-4.1394653,2.413899
194,-3.5380526,-3.9301593,2.185291
195,-3.4472637,-3.746068,1.9487989
196,-3.5982885,-4.03071,2.2333384
197,-3.7322195,-4.3073816,2.4109926
198,-3.6198487,-4.0949497,2.2195683
199,-3.423718,-3.7422335,1.9078352
200,-3.7014394,-4.267207,2.3872988
201,-3.7201467,-4.252893,2.3821182
202,-3.8125782,-4.446357,2.6239693
203,-3.862332,-4.5551195,2.6839232
204,-3.3975174,-3.6514456,1.9266
205,-3.6386168,-4.1033645,2.322112
206,-3.6031075,-4.064297,2.113279
207,-4.022387,-4.9201794,2.9059253
208,-3.8944468,-4.6422405,2.476104
209,-3.74776,-4.360624,2.33903
210,-3.68554,-4.244417,2.1930614
211,-3.3175998,-3.6035,1.7163658
212,-3.952259,-4.7366543,2.8427975
213,-3.559834,-3.9973977,2.2110462
214,-3.3281195,-3.5522492,1.8569341
215,-3.7161872,-4.29982,2.6545267
216,-3.1294467,-3.289479,1.7432837
217,-2.7037945,-2.6148477,1.2298462
218,-3.0410335,-3.107157,1.61475
219,-2.958333,-3.0143254,1.4985467
220,-3.1490176,-3.3440573,1.8109039
221,-2.610633,-2.5069456,1.1470315
222,-2.8495445,-2.8495615,1.4152455
223,-3.5273998,-4.0194025,2.3700342
224,-3.080986,-3.2167401,1.7339636
225,-3.2908347,-3.562691,1.9919409
226,-2.9149532,-2.933344,1.4861844
227,-3.1345723,-3.2583244,1.8061329
228,-3.2098138,-3.4181633,1.8183106
229,-3.0460143,-3.1223989,1.5983572
230,-3.1309671,-3.2341697,1.6079088
231,-3.405411,-3.7144222,2.0405338
232,-3.4142482,-3.7491436,2.0875845
233,-2.975517,-2.9906116,1.4608599
234,-2.9356515,-2.9857237,1.5068035
235,-3.0345085,-3.1228435,1.5839157
236,-3.3455026,-3.6246865,2.0502646
237,-3.4824371,-3.8886108,2.220971
238,-3.0077026,-3.093122,1.5548781
239,-3.183182,-3.3517923,1.7911936
240,-3.4397352,-3.8337996,2.1718285
241,-2.960175,-2.97525,1.4439368
242,-3.6098826,-4.1327662,2.4021313
243,-3.1633422,-3.3112442,1.7241118
244,-3.4339619,-3.780422,2.1065483
245,-3.2782114,-3.4855092,1.8452797
246,-3.564591,-3.9559066,2.2938461
247,-3.4701464,-3.784244,2.1606703
248,-3.2780857,-3.4637144,1.8342872
249,-3.241687,-3.3943431,1.792593
250,-3.4721744,-3.7820423,2.2337103
251,-3.5713766,-3.9764497,2.3812065
252,-3.21856,-3.355339,1.7786136
253,-3.2671218,-3.4237068,1.7883085
254,-3.3083897,-3.5246031,1.9197091
255,-3.0462785,-3.082606,1.6222306
256,-2.7602394,-2.6559668,1.2546263
257,-3.0821095,-3.1697464,1.7682722
258,-2.9723198,-3.103967,1.4976221
259,-3.1929717,-3.3966322,1.9075617
260,-3.3274336,-3.5769763,2.1631825
261,-3.0109067,-3.0719855,1.6852003
262,-3.014041,-3.1533444,1.6341059
263,-2.879951,-2.920722,1.5420331
264,-2.83308,-2.8406842,1.4255799
265,-3.2091644,-3.4596457,1.998856
266,-3.156951,-3.3522768,1.9303461
267,-2.9282942,-2.9939575,1.4880357
268,-3.5436718,-4.0374694,2.4282281
269,-3.4799545,-3.9204407,2.0877972
270,-3.7671134,-4.391319,2.8347752
271,-3.8634055,-4.5957994,2.863984
272,-3.366189,-3.719402,2.0217574
273,-3.4694526,-3.7100017,2.3282773
274,-2.9843802,-2.9450588,1.6083066
275,-2.21264,-2.0474164,0.7872858
276,-3.282001,-3.4742742,2.1487706
277,-3.457933,-3.9384277,2.6380396
278,-3.0104885,-3.2272,1.7373737
279,-2.7700582,-2.8401704,1.42878
280,-2.7525547,-2.819595,1.3910475
281,-3.0379415,-3.260651,1.8012404
282,-3.0960698,-3.3151922,1.8895011
283,-2.9992566,-3.206888,1.7658241
284,-3.1344345,-3.434575,1.9201927
285,-3.1033971,-3.411921,1.9374263
286,-3.3047247,-3.76549,2.2451482
287,-2.9052093,-3.1018658,1.6393493
288,-2.9751437,-3.1832862,1.7677008
289,-3.278215,-3.7129297,2.2345974
290,-3.829175,-4.6730375,3.0306628
291,-3.0450032,-3.296619,1.8766646
292,-3.3738575,-3.83923,2.407853
293,-3.6748996,-4.3542914,2.8563704
294,-2.807087,-2.9572194,1.5233033
295,-2.5688627,-2.4919572,1.2867824
296,-3.1067605,-3.3737106,1.9741175
297,-3.268809,-3.60826,2.299606
298,-2.6207771,-2.7315958,1.375954
299,-2.7255464,-2.7846532,1.5679116
300,-2.4575133,-2.5109522,1.2113721
301,-2.4835987,-2.4859738,1.2278289
302,-2.61311,-2.7054,1.4084132
303,-2.4836016,-2.5127358,1.2374306
304,-2.9167,-3.2554276,1.7365476
305,-3.3203235,-3.8419504,2.3991091
306,-3.1415458,-3.4302812,2.1632998
307,-2.5418985,-2.7230403,1.3647094
308,-2.4796824,-2.545693,1.3860741
309,-2.9458904,-3.2143066,1.8830956
310,-1.7791196,-1.6326855,0.48277777
311,-2.7452393,-2.749671,1.5467969
312,-2.2585514,-2.2186766,1.1627712
313,-2.9635863,-3.2669845,2.0484815
314,-1.9173524,-1.7693665,0.7141201
315,-2.226823,-2.1338947,1.0509284
316,-2.1452532,-2.0514102,0.9989382
317,-2.1936395,-2.1392808,1.0685326
318,-1.8537692,-1.6751899,0.6723837
319,-2.1293175,-2.0464883,1.0078899
320,-2.1016104,-2.0798044,1.0575699
321,-1.7092694,-1.5780286,0.5766898
322,-1.3780501,-1.2338538,0.25928167
323,-1.7877634,-1.626625,0.60638154
324,-1.9221267,-1.8124542,0.8583243
325,-1.6142323,-1.4399446,0.3994786
326,-2.5904832,-2.7298434,1.6754227
327,-2.4167497,-2.6345563,1.4617977
328,-2.116466,-2.0474958,1.0135956
329,-3.0790775,-3.5555894,2.6142726
330,-2.8621147,-3.0275953,2.1787863
331,-2.3831358,-2.3750436,1.5142816
332,-3.0819507,-3.4858441,2.712221
333,-1.0818977,-0.9155593,0.10999291
334,-2.1067364,-2.000128,1.2487493
335,-1.2114891,-1.0516069,0.18646583
336,-1.8522177,-1.7907611,1.061877
337,-2.600839,-2.7989821,2.1692455
338,-1.8533312,-1.959351,1.1435506
339,-1.4453843,-1.2859719,0.3442819
340,-2.8996599,-3.313492,2.381732
341,-2.5339496,-2.8408315,1.7563617
342,-2.1801767,-2.060531,0.9670241
343,-2.4940119,-2.5556092,1.4223821
344,-1.6739992,-1.5623426,0.65683115
345,-1.6707036,-1.5765417,0.65105057
346,-1.9906788,-1.9365159,0.98973405
347,-2.046186,-2.0137537,0.991212
348,-2.154337,-2.1749322,1.1919615
349,-2.0300362,-1.9931102,1.0880126
350,-2.0558393,-2.0270402,1.1360949
351,-2.6841269,-2.8908448,1.7491536
352,-2.2769291,-2.3818645,1.4740411
353,-1.8087854,-1.6582828,0.8658377
354,-1.6435049,-1.5137682,0.78249484
355,-1.3332481,-1.192682,0.44638327
356,-1.7885418,-1.795836,1.0031503
357,-1.219868,-1.0699418,0.30963936
358,-1.7040347,-1.5510656,0.8922363
359,-1.5412614,-1.3680003,0.6809876
360,-1.2935412,-1.1268139,0.45228624
361,-1.8190128,-1.663667,0.9446282
362,-2.1086428,-2.1646204,1.3418584
363,-1.4484881,-1.30126,0.6474372
364,-0.9291483,-0.74611646,0.1405022
365,-1.3711798,-1.2782606,0.57478297
366,-1.5750604,-1.4231488,0.7356956
367,-2.175643,-2.0359554,1.2315198
368,-2.5400083,-2.8133779,1.8069179
369,-1.5649652,-1.4264866,0.7060842
370,-1.5828977,-1.4318013,0.715793
371,-1.3272159,-1.1751816,0.454906
372,-1.1964288,-1.0197196,0.3293876
373,-1.467153,-1.203678,0.60752636
374,-1.4653083,-1.2945061,0.571985
375,-1.9291115,-1.7520095,1.0812553
376,-1.5140833,-1.2695614,0.59435827
377,-1.1859422,-1.0711577,0.3477892
378,-1.4738753,-1.2070532,0.54877514
379,-1.9482671,-1.8190148,1.0706494
380,-1.7479372,-1.5754279,0.742986
381,-1.3863368,-1.1908242,0.3496039
382,-1.5890399,-1.3338572,0.5718315
383,-1.8993434,-1.759337,0.96642274
384,-1.8178546,-1.6612598,0.85491115
385,-1.9599019,-1.7983124,1.0466471
386,-1.7341169,-1.4728208,0.7393939
387,-1.9380796,-1.6741481,0.8936358
388,-2.4121735,-2.5304995,1.4243191
389,-1.8577071,-1.7638538,0.7350094
390,-2.23948,-2.2082565,1.2072616
391,-2.0888858,-2.039377,1.1142706
392,-1.9981532,-1.8983645,1.0266888
393,-1.5658787,-1.2803,0.4801904
394,-1.623094,-1.4053001,0.53473675
395,-1.8522545,-1.6197722,0.8223275
396,-1.62662,-1.4044396,0.5141506
397,-1.5521973,-1.2553418,0.5269909
398,-2.0970945,-1.8989712,1.2015429
399,-1.4617926,-1.1986954,0.5201949
400,-2.424229,-2.409705,1.6465596
401,-1.2349026,-0.92850935,0.2699938
402,-1.3447634,-1.0381889,0.34136128
403,-2.183529,-1.9558837,1.3862635
404,-1.644282,-1.5355979,0.8409629
405,-1.569438,-1.2810705,0.79316217
406,-1.1455003,-1.0061162,0.40633926
407,-1.2968216,-1.1810226,0.5579448
408,-1.5356623,-1.4377714,0.7537138
409,-1.9619218,-1.9222465,1.0995426
410,-2.24699,-2.1565297,1.35866
411,-1.9062643,-1.8217939,0.9101494
412,-2.0806553,-2.0988283,1.2096417
413,-1.6104143,-1.4864284,0.78847915
414,-1.5592093,-1.4028965,0.731269
415,-1.7314587,-1.6674652,0.9704834
416,-1.8685392,-1.7750764,1.0306745
417,-1.5924201,-1.3901392,0.7646543
418,-1.940928,-1.7216992,1.0178933
419,-2.4746785,-2.5127122,1.7118857
420,-1.7794656,-1.6122564,0.80108076
421,-1.2335737,-1.0599575,0.38047957
422,-1.595524,-1.5164003,0.81973034
423,-1.6105657,-1.568599,0.82326174
424,-1.7313095,-1.6530758,0.8710451
425,-2.1032422,-2.1184206,1.1518486
426,-1.9948595,-1.7852293,0.99367696
427,-1.3995552,-1.3072602,0.5390534
428,-2.0048807,-2.0451968,1.134119
429,-1.637711,-1.5911502,0.78397036
430,-1.7151392,-1.6807563,0.8594696
431,-1.8814881,-1.8770161,0.9824437
432,-2.3026834,-2.3799665,1.3199234
433,-2.3487124,-2.4453928,1.4200388
434,-1.6957363,-1.5876367,0.7930554
435,-1.4534414,-1.3940209,0.6097795
436,-1.565305,-1.4972489,0.73045033
437,-1.6674521,-1.5012746,0.77522993
438,-1.8746917,-1.8588555,0.9939548
439,-1.935323,-1.942034,1.0427237
440,-2.4069622,-2.5980678,1.5165374
441,-1.6155218,-1.5672246,0.71086675
442,-2.223922,-2.3391914,1.4123975
443,-1.8691219,-1.8930141,1.0208528
444,-1.7675531,-1.7224064,0.76091933
445,-1.4907552,-1.2862414,0.5075766
446,-2.1274567,-2.0286973,1.2372665
447,-1.7365439,-1.6726094,0.85931045
448,-1.5042624,-1.2813468,0.5555236
449,-0.9500235,-0.8166095,0.08894109
450,-0.9305671,-0.7939657,0.15220766
451,-1.3074521,-1.2290239,0.6141622
452,-1.0387696,-0.84466213,0.2740802
453,-0.6041752,-0.41840303,-0.12157099
454,-0.8748979,-0.5647956,0.0635374
455,-1.2676694,-1.1180214,0.5147587
456,-1.6815796,-1.6365802,1.0705371
457,-1.0055267,-0.8138078,0.21174905
458,-1.8566712,-1.7582138,1.218119
459,-1.6259794,-1.4330783,0.8744569
460,-1.2691438,-1.0536096,0.40032578
461,-2.3760664,-2.4938288,1.9874659
462,-1.0755893,-0.905395,0.37337998
463,-1.6295129,-1.341288,0.92856973
464,-1.2516913,-0.91893303,0.5263453
465,-1.0885553,-0.76550466,0.36720064
466,-0.85738516,-0.48251694,0.035208788
467,-2.1074233,-1.7814142,1.5764496
468,-2.2913802,-2.2483296,1.5910914
469,-1.4273783,-1.3173145,0.7119315
470,-1.1104671,-0.9472281,0.41608912
471,-0.96210617,-0.7763688,0.24117821
472,-1.1426085,-0.9544401,0.38271108
473,-1.365588,-1.3015816,0.7133859
474,-1.1348523,-0.9551979,0.4405904
475,-1.1747493,-1.0051831,0.45309153
476,-1.8097024,-1.7473255,0.9350053
477,-2.0152218,-1.9520152,1.2105347
478,-1.6579463,-1.5892117,0.83489084
479,-1.4952295,-1.3551373,0.63943416
480,-2.6100185,-2.6505551,1.5449525
481,-2.2591689,-2.266776,1.3310091
482,-2.5665824,-2.591075,1.564788
483,-2.6525264,-2.7220476,1.6221098
484,-2.1498868,-2.114159,1.0548012
485,-2.4739673,-2.6128376,1.4740044
486,-2.0209687,-1.9166744,1.00596
487,-1.7185931,-1.6462774,0.8198265
488,-1.6557436,-1.5439742,0.7585134
489,-1.6182702,-1.5336887,0.7411072
490,-1.5206732,-1.415241,0.72038335
491,-2.3035295,-2.3128138,1.5069485
492,-1.2295108,-1.0919858,0.3347866
493,-1.611731,-1.5540274,0.73855746
494,-1.9555209,-1.8893356,1.0555245
495,-2.0427992,-1.9646232,1.1130089
496,-2.0194159,-2.0270114,1.132563
497,-1.4110694,-1.3288504,0.56187963
498,-1.3458409,-1.2316463,0.55281186
499,-1.6719744,-1.5868819,0.9061397
500,-1.4236591,-1.1830853,0.5988406
501,-1.1095351,-0.9192137,0.28827846
502,-1.493393,-1.3700898,0.7401097
503,-1.5591493,-1.2908243,0.75682706
504,-1.1612653,-1.0519199,0.37941754
