,Z_1,Z_2
0,-1.2609632,0.44937333
1,-0.9484735,0.1621384
2,-1.3774962,0.5648066
3,-1.4457997,0.62961507
4,-0.68525314,-0.07381209
5,-1.1417694,0.36342704
6,-1.159672,0.3873694
7,-1.4542583,0.65384436
8,-0.8906451,0.12055243
9,-1.4091103,0.5990174
10,-1.3108749,0.5238633
11,-1.5915054,0.7794903
12,-1.090035,0.31798688
13,-1.2086155,0.42315152
14,-1.4366806,0.6217616
15,-1.157907,0.3708513
16,-1.0649133,0.3289326
17,-0.6608437,-0.083506905
18,-0.81073385,0.052496757
19,-1.2625483,0.48329505
20,-1.0083892,0.26890907
21,-1.3378465,0.55507296
22,-1.3088763,0.5349824
23,-1.4481068,0.6431651
24,-0.7410912,0.031792857
25,-0.6205811,-0.08530162
26,-1.2729018,0.48195136
27,-0.9008262,0.12805182
28,-0.7385953,-0.025256153
29,-1.0509592,0.2832942
30,-1.0625391,0.29163355
31,-1.0081532,0.23988834
32,-0.90640175,0.12509288
33,-0.941009,0.17518462
34,-0.6660145,-0.08062106
35,-0.3264078,-0.38723463
36,-0.13319337,-0.57185924
37,0.07698525,-0.75106585
38,0.7907908,-1.3646603
39,0.30221796,-0.92531574
40,0.26632443,-0.89486676
41,1.3751705,-1.8463649
42,0.24060737,-0.84709316
43,0.7005015,-1.2645699
44,2.3683913,-2.5207114
45,3.9552627,-3.4615579
46,3.4956253,-3.2120001
47,4.250075,-3.6724951
48,4.9036283,-3.9451275
49,3.6382968,-3.232489
50,4.62574,-3.7634413
51,4.038125,-3.4665272
52,5.148315,-4.031659
53,4.190386,-3.5043693
54,5.3592606,-4.1079903
55,5.2787876,-4.061214
56,4.7287183,-3.814357
57,4.683892,-3.7944791
58,3.7334692,-3.240333
59,3.971464,-3.3928423
60,4.3313437,-3.6235971
61,4.2368336,-3.576959
62,4.2101603,-3.5434387
63,3.793125,-3.316317
64,4.271773,-3.5781577
65,4.129298,-3.5090182
66,4.273432,-3.6055024
67,3.5960166,-3.2003236
68,3.7636142,-3.3229096
69,3.3095038,-3.0119717
70,3.0649672,-2.8451028
71,3.2866364,-2.9882753
72,3.9151132,-3.395047
73,2.9608328,-2.7933767
74,4.2022514,-3.573973
75,4.3938413,-3.6591794
76,4.3005853,-3.6233187
77,3.9576993,-3.4123304
78,3.1882012,-2.9148238
79,3.5647113,-3.1780162
80,3.1929963,-2.9294546
81,2.7558274,-2.666456
82,2.745604,-2.6641326
83,2.5001268,-2.407519
84,2.183552,-2.1919672
85,3.0344486,-2.8635345
86,2.9143994,-2.762566
87,1.9430681,-2.005874
88,1.6819525,-1.8201417
89,2.7695363,-2.690083
90,2.5057344,-2.5103636
91,2.7963524,-2.6962154
92,2.3842454,-2.386979
93,2.5654008,-2.521686
94,2.6084242,-2.6017938
95,2.647095,-2.614541
96,1.9864662,-2.1105068
97,2.2024925,-2.2694895
98,2.1804233,-2.2567046
99,1.9135731,-2.0452278
100,1.7469231,-1.896368
101,2.4576247,-2.4695916
102,2.2672827,-2.3266733
103,1.9877415,-2.1124382
104,1.6603588,-1.8577032
105,1.5910611,-1.7802061
106,1.2623533,-1.5417856
107,0.62973136,-1.00799
108,1.2775394,-1.5879269
109,2.0309396,-2.1775308
110,2.342493,-2.3905416
111,3.3591661,-3.1070435
112,2.661357,-2.6130273
113,1.832457,-1.9796838
114,2.0364442,-2.1571922
115,2.7993195,-2.7242684
116,1.8494769,-1.9786861
117,3.1625757,-2.9920099
118,1.758386,-1.9338131
119,1.6823205,-1.8896692
120,2.9483938,-2.8362443
121,1.9309913,-2.0494523
122,2.6502807,-2.6167474
123,1.7731403,-1.9385123
124,2.2523682,-2.3219235
125,2.3986626,-2.4441147
126,1.5882827,-1.8022788
127,1.6984193,-1.8749439
128,1.8092791,-1.972605
129,2.3113475,-2.382131
130,2.4167051,-2.4573724
131,1.9599706,-2.106518
132,2.3298578,-2.3749223
133,2.0788012,-2.194525
134,1.7835574,-1.9604292
135,1.6968101,-1.8796669
136,1.3922039,-1.6299639
137,1.880191,-2.0177715
138,1.2419451,-1.5074934
139,1.4227694,-1.6743441
140,0.9243737,-1.2513865
141,1.1279956,-1.4316981
142,0.8428718,-1.1893675
143,1.2579323,-1.5380284
144,0.91772264,-1.2555586
145,1.5886261,-1.8388783
146,1.055472,-1.3966745
147,1.8437153,-2.063259
148,0.5517495,-0.95771515
149,1.4750727,-1.7859676
150,0.50825375,-0.8833875
151,0.927734,-1.2105526
152,1.8442317,-2.0060122
153,0.37072796,-0.79209024
154,0.92836016,-1.3073608
155,1.1864568,-1.5152601
156,0.71953446,-1.108276
157,1.1560032,-1.4792625
158,0.6734377,-1.0770566
159,0.7924091,-1.166151
160,1.5241786,-1.7949232
161,1.5734695,-1.8451095
162,0.8010872,-1.1715708
163,1.2823055,-1.603614
164,1.4689876,-1.7379668
165,1.6119299,-1.85945
166,1.7077601,-1.9565319
167,1.8167949,-2.0337067
168,1.068587,-1.42091
169,1.6866053,-1.922261
170,1.0054871,-1.3566697
171,1.2831656,-1.5952262
172,1.6105812,-1.855728
173,1.6858004,-1.9028077
174,1.4156212,-1.7134417
175,1.1700027,-1.5131421
176,1.430777,-1.72973
177,1.2039075,-1.5004435
178,1.4044454,-1.6996609
179,0.7719549,-1.1586175
180,1.6887368,-1.9170284
181,1.3070565,-1.5950396
182,2.2880535,-2.3772624
183,2.2974973,-2.3465025
184,2.1555407,-2.2402675
185,2.3859644,-2.412544
186,1.9796636,-2.1229994
187,2.4543579,-2.4791563
188,2.4325292,-2.463202
189,1.8793882,-2.0004117
190,2.2633586,-2.2794914
191,1.8642881,-1.9985262
192,2.0916538,-2.1807714
193,2.0430124,-2.1425214
194,1.8270289,-1.9770461
195,1.6581562,-1.8131667
196,1.9288002,-2.0379791
197,2.129215,-2.2016807
198,1.9571756,-2.0682514
199,1.6328738,-1.80753
200,2.1128426,-2.194988
201,2.1006277,-2.1614957
202,2.2846572,-2.3220568
203,2.3819444,-2.3972023
204,1.6009774,-1.7760342
205,2.003825,-2.1008227
206,1.8659257,-1.9815211
207,2.620199,-2.5750468
208,2.2545974,-2.2849345
209,2.078405,-2.162659
210,1.9299983,-2.0505652
211,1.4676532,-1.6752917
212,2.493103,-2.4951766
213,1.9910593,-2.08256
214,1.6195343,-1.7846525
215,2.2912853,-2.3586633
216,1.4948622,-1.7297658
217,0.8532226,-1.1748488
218,1.2431653,-1.5101008
219,1.1556832,-1.4351121
220,1.4337971,-1.6937392
221,0.76674926,-1.1153505
222,1.0528408,-1.3536388
223,2.014856,-2.16812
224,1.3461491,-1.6139994
225,1.6293465,-1.842584
226,1.1012106,-1.3966995
227,1.3762062,-1.6282235
228,1.4626501,-1.7026201
229,1.232393,-1.4956383
230,1.3010926,-1.5286376
231,1.6878064,-1.8715991
232,1.7188553,-1.9079511
233,1.1330878,-1.3886555
234,1.1163783,-1.4194235
235,1.2140146,-1.4894966
236,1.6615118,-1.866149
237,1.8563086,-2.0240388
238,1.1719329,-1.4633987
239,1.4223897,-1.6589738
240,1.800823,-1.9859624
241,1.0971096,-1.3692871
242,2.0326617,-2.169625
243,1.3504276,-1.6015555
244,1.741475,-1.921245
245,1.486769,-1.699874
246,1.8937117,-2.0273874
247,1.7475601,-1.9175588
248,1.4660541,-1.6730329
249,1.4412963,-1.6466559
250,1.7799982,-1.9445573
251,1.928328,-2.0687907
252,1.3775034,-1.6121391
253,1.451633,-1.6452999
254,1.5543262,-1.746883
255,1.2085485,-1.463577
256,0.9050746,-1.1926409
257,1.312731,-1.5715148
258,1.1931088,-1.4858297
259,1.4678352,-1.7167122
260,1.6337072,-1.8593744
261,1.2132952,-1.501146
262,1.2492511,-1.545618
263,1.0614117,-1.3976717
264,1.0234921,-1.344782
265,1.4886712,-1.7665178
266,1.4265792,-1.7071776
267,1.0643125,-1.386854
268,1.9086347,-2.1066518
269,1.70795,-1.9128666
270,2.2358818,-2.360611
271,2.3569539,-2.4400947
272,1.5762839,-1.8253103
273,1.8245021,-1.979693
274,1.1970956,-1.4429451
275,0.33913144,-0.79423195
276,1.6883802,-1.8720531
277,2.0267415,-2.2418456
278,1.272609,-1.6110312
279,0.9596728,-1.3406748
280,0.91246694,-1.3066318
281,1.2881062,-1.6303326
282,1.3704588,-1.6860838
283,1.214217,-1.583984
284,1.4208953,-1.753562
285,1.4103805,-1.760586
286,1.6914821,-2.0089426
287,1.164889,-1.5462077
288,1.254329,-1.6162039
289,1.6444466,-1.9682541
290,2.4519813,-2.583926
291,1.3311926,-1.702827
292,1.8207831,-2.104253
293,2.2642798,-2.432551
294,0.98636085,-1.4186888
295,0.6957131,-1.1263834
296,1.3748068,-1.7480936
297,1.6688495,-1.9832602
298,0.8672062,-1.3176134
299,0.9590792,-1.3866758
300,0.68585837,-1.1781543
301,0.69944954,-1.1594694
302,0.85794663,-1.3278298
303,0.7427033,-1.2141346
304,1.3102934,-1.724811
305,1.8357373,-2.1632311
306,1.6285126,-1.9389396
307,0.91946024,-1.4046972
308,0.8037001,-1.2895492
309,1.356601,-1.7458705
310,0.018179448,-0.5661461
311,0.9602039,-1.3698331
312,0.53279877,-1.053684
313,1.4112871,-1.8285214
314,0.25522217,-0.7349993
315,0.54180235,-1.0044295
316,0.4856686,-0.96337664
317,0.5654145,-1.0411772
318,0.20512827,-0.69965804
319,0.52713704,-0.99185157
320,0.55344206,-1.0519539
321,0.14931755,-0.6647353
322,-0.20571409,-0.3874971
323,0.2201875,-0.70559365
324,0.40509626,-0.87137896
325,0.12714528,-0.5741642
326,1.105324,-1.5475223
327,0.9900425,-1.4725798
328,0.48808134,-0.9928084
329,1.7915155,-2.1817582
330,1.4673312,-1.8260189
331,0.85352844,-1.3104869
332,1.8026195,-2.201478
333,-0.39131084,-0.23920955
334,0.5874032,-1.078345
335,-0.2286055,-0.3520501
336,0.30295736,-0.8927929
337,1.2086875,-1.7352543
338,0.41542503,-1.0665115
339,0.10233523,-0.57614326
340,1.63858,-2.0807767
341,1.0168246,-1.5726265
342,0.4654446,-0.9267503
343,0.8612691,-1.3275151
344,0.07650951,-0.6548464
345,0.07979619,-0.6688466
346,0.40886652,-0.95005804
347,0.39102805,-0.9462593
348,0.6255904,-1.1455247
349,0.48932493,-1.0207943
350,0.55890644,-1.0734593
351,1.2161082,-1.6531119
352,0.76280826,-1.3157018
353,0.26351023,-0.8028847
354,0.13287248,-0.70853037
355,-0.17164156,-0.45095018
356,0.26021153,-0.89119625
357,-0.28298327,-0.34815872
358,0.18866506,-0.7677014
359,0.04685372,-0.61958647
360,-0.1416264,-0.45469868
361,0.33171988,-0.846193
362,0.71381706,-1.2434834
363,-0.023717385,-0.58327425
364,-0.48560432,-0.16259682
365,-0.06662724,-0.5642665
366,0.074711084,-0.66607946
367,0.62577045,-1.0799125
368,1.0401798,-1.6075122
369,0.0074036885,-0.6085561
370,0.06579171,-0.6458664
371,-0.16808444,-0.44891647
372,-0.27233252,-0.34457386
373,-0.011585395,-0.5297317
374,-0.049134232,-0.53570867
375,0.37218738,-0.890336
376,-0.006916305,-0.54389644
377,-0.29971468,-0.364505
378,-0.014297113,-0.512168
379,0.39722088,-0.9181301
380,0.20629627,-0.72770464
381,-0.16449346,-0.4092004
382,0.06690166,-0.5657597
383,0.38687426,-0.88106346
384,0.3070781,-0.8019047
385,0.43957895,-0.9216061
386,0.18172099,-0.639492
387,0.3530725,-0.7677487
388,0.8172276,-1.3224355
389,0.31335065,-0.80271375
390,0.7458781,-1.170815
391,0.5475774,-1.0363759
392,0.4351032,-0.92768055
393,-0.0064295186,-0.46454874
394,0.045342945,-0.5357792
395,0.27670443,-0.7330531
396,0.16806927,-0.63705426
397,0.019120274,-0.5071031
398,0.5366047,-0.96997654
399,-0.044870295,-0.47134262
400,0.9004235,-1.3465854
401,-0.26907578,-0.24919318
402,-0.060079128,-0.41629973
403,0.65959907,-1.075998
404,0.20472066,-0.7776979
405,0.14045481,-0.63402766
406,-0.26206857,-0.37723586
407,-0.1368607,-0.49703106
408,0.06885261,-0.67330056
409,0.42742682,-1.0007384
410,0.7279707,-1.177576
411,0.31560192,-0.85041887
412,0.55559057,-1.1003928
413,0.11725227,-0.6974839
414,0.07147356,-0.6392476
415,0.25251392,-0.84713745
416,0.36444223,-0.90265185
417,0.13717657,-0.6630717
418,0.4197256,-0.87495804
419,1.0396123,-1.4723547
420,0.29381558,-0.7825132
421,-0.24910593,-0.37072995
422,0.1386865,-0.74467933
423,0.14106458,-0.7671768
424,0.23464315,-0.81380475
425,0.5183846,-1.0793523
426,0.46550885,-0.89346963
427,-0.08974972,-0.5426321
428,0.48819703,-1.0724628
429,0.13766031,-0.7538506
430,0.20970921,-0.81938136
431,0.34655526,-0.93926793
432,0.68560326,-1.2204102
433,0.7918019,-1.3095194
434,0.16926092,-0.74314773
435,-0.003041625,-0.6276196
436,0.097823046,-0.7090719
437,0.16768666,-0.71799064
438,0.3361864,-0.9291582
439,0.42794508,-1.0056369
440,0.95418274,-1.4778956
441,0.1254917,-0.7367458
442,0.69235826,-1.2636845
443,0.3660812,-0.9730145
444,0.24798144,-0.81335807
445,0.00846093,-0.5521212
446,0.65761423,-1.1423166
447,0.2366039,-0.83059895
448,-0.023031857,-0.53782874
449,-0.46394658,-0.1953538
450,-0.43590343,-0.22880581
451,-0.03697668,-0.6196162
452,-0.33878183,-0.29004508
453,-0.70512164,0.037272975
454,-0.5001556,-0.07840931
455,-0.13953954,-0.49013534
456,0.26145792,-0.89770216
457,-0.38593766,-0.23385516
458,0.43564346,-1.0036917
459,0.15508948,-0.7286518
460,-0.17175482,-0.40896785
461,1.0227488,-1.5833479
462,-0.29525766,-0.34457836
463,0.14578891,-0.6684207
464,-0.1780046,-0.37639195
465,-0.3092522,-0.25927952
466,-0.54233277,-0.01512571
467,0.59936595,-1.0675148
468,0.95166796,-1.4085137
469,9.1912225e-05,-0.62881786
470,-0.27373093,-0.3736374
471,-0.39653525,-0.24577506
472,-0.3021285,-0.33423966
473,-0.010439347,-0.6536227
474,-0.24888812,-0.3815123
475,-0.22941306,-0.40481046
476,0.30301517,-0.8860728
477,0.5062461,-1.057559
478,0.15153068,-0.76373506
479,-0.016391002,-0.58961093
480,0.91911167,-1.3664778
481,0.6807919,-1.1938612
482,0.91129524,-1.3685992
483,0.9772643,-1.4261712
484,0.44909048,-0.9918043
485,0.80063987,-1.3343508
486,0.39989915,-0.9268048
487,0.20684516,-0.7866953
488,0.15183043,-0.7303285
489,0.116942026,-0.7165371
490,0.0788767,-0.68435043
491,0.7886187,-1.317379
492,-0.24065544,-0.390382
493,0.13742249,-0.74952275
494,0.4204557,-0.98245627
495,0.5055043,-1.0268444
496,0.46421596,-1.0421336
497,-0.04734554,-0.5725303
498,-0.07654386,-0.54270244
499,0.25648245,-0.8419541
500,-0.018743875,-0.53838146
501,-0.27469185,-0.32644594
502,0.0938063,-0.6869826
503,0.10449485,-0.6368583
504,-0.18935922,-0.44283834
