,Z_1
0,-0.5395003
1,-0.27330744
2,-0.6334585
3,-0.6956212
4,-0.06570789
5,-0.45146623
6,-0.4705244
7,-0.71444076
8,-0.23279935
9,-0.6651358
10,-0.60125834
11,-0.83651954
12,-0.41426644
13,-0.513927
14,-0.67392915
15,-0.4476475
16,-0.37988588
17,-0.03836479
18,-0.16444111
19,-0.52593374
20,-0.32140478
21,-0.57494205
22,-0.5576512
23,-0.67297554
24,-0.12281293
25,-0.020909198
26,-0.5277835
27,-0.19830483
28,-0.0655253
29,-0.32511434
30,-0.3497062
31,-0.3017597
32,-0.2177177
33,-0.25306216
34,-0.017922796
35,0.3037421
36,0.4957174
37,0.66710067
38,1.2874317
39,0.9945705
40,0.8521014
41,1.7373316
42,0.8217303
43,1.2678802
44,2.430446
45,3.287522
46,3.0370505
47,3.4002225
48,3.6565218
49,3.0991342
50,3.5473769
51,3.2908301
52,3.7592711
53,3.3661408
54,3.7881987
55,3.7682614
56,3.5548394
57,3.521829
58,3.117857
59,3.2502904
60,3.4016125
61,3.3662162
62,3.3489249
63,3.1605387
64,3.3723812
65,3.2818866
66,3.3529162
67,3.0305972
68,3.1258028
69,2.8831518
70,2.7273326
71,2.86208
72,3.1859868
73,2.6854856
74,3.3327796
75,3.4093769
76,3.3708372
77,3.1959481
78,2.792496
79,2.9835753
80,2.7772615
81,2.523883
82,2.5238447
83,2.3649306
84,2.1678903
85,2.6821594
86,2.6086931
87,1.998759
88,1.8042129
89,2.5089612
90,2.3588405
91,2.5549357
92,2.3062625
93,2.401071
94,2.413793
95,2.451105
96,2.0129988
97,2.163357
98,2.147192
99,1.9524709
100,1.8231326
101,2.3158884
102,2.1899443
103,2.0084422
104,1.7771453
105,1.6905239
106,1.4900507
107,1.0289838
108,1.5672864
109,2.0884058
110,2.2864249
111,2.9231238
112,2.5384762
113,2.0051188
114,2.1422248
115,2.5903347
116,1.9944103
117,2.7914624
118,1.9141281
119,1.8817602
120,2.6626124
121,2.0354617
122,2.5205677
123,1.919733
124,2.2663558
125,2.3447857
126,1.7990644
127,1.8600525
128,1.9308885
129,2.2832444
130,2.3633873
131,2.0510926
132,2.2871137
133,2.134228
134,1.9277871
135,1.8633168
136,1.6451795
137,1.9510094
138,1.4917312
139,1.6537627
140,1.292887
141,1.4478506
142,1.2387148
143,1.5401694
144,1.2813329
145,1.790967
146,1.3854747
147,1.9424481
148,0.9973061
149,1.6717478
150,0.92334247
151,1.2168599
152,1.8797638
153,0.83796966
154,1.2743589
155,1.4618496
156,1.0981876
157,1.4233844
158,1.0726238
159,1.1475741
160,1.6733601
161,1.7116674
162,1.1456308
163,1.5198717
164,1.6510912
165,1.7627177
166,1.831219
167,1.9139364
168,1.3940446
169,1.843109
170,1.392751
171,1.560558
172,1.8266561
173,1.8293862
174,1.6836861
175,1.4915984
176,1.6531872
177,1.4563779
178,1.6205338
179,1.1761148
180,1.8465916
181,1.5831184
182,2.201725
183,2.2525995
184,2.1765897
185,2.3183784
186,2.0385852
187,2.358966
188,2.3455868
189,2.0162458
190,2.2341893
191,1.9753377
192,2.1196692
193,2.083501
194,1.9665184
195,1.8336341
196,2.0136693
197,2.158804
198,2.0444078
199,1.830232
200,2.1380742
201,2.1271935
202,2.2499382
203,2.314806
204,1.7946457
205,2.0590038
206,1.9928541
207,2.4828556
208,2.2818456
209,2.1485276
210,2.070664
211,1.7232406
212,2.4004369
213,2.0084503
214,1.7534287
215,2.243123
216,1.6249306
217,1.2215072
218,1.51638
219,1.4483252
220,1.6608407
221,1.1579567
222,1.3675743
223,2.0516381
224,1.5833344
225,1.7723069
226,1.4089551
227,1.606064
228,1.6843715
229,1.5106012
230,1.5604755
231,1.8399271
232,1.8635848
233,1.4273831
234,1.4363164
235,1.5077881
236,1.8226786
237,1.962039
238,1.4880964
239,1.6537268
240,1.9285655
241,1.4160719
242,2.096796
243,1.6160276
244,1.8846548
245,1.7060734
246,1.9842727
247,1.8918477
248,1.6842176
249,1.661757
250,1.9038309
251,2.0069149
252,1.6377826
253,1.6729594
254,1.7468919
255,1.4970076
256,1.2419529
257,1.5687424
258,1.5012991
259,1.6962328
260,1.8170713
261,1.5031625
262,1.5433444
263,1.41034
264,1.3637004
265,1.7357147
266,1.6717207
267,1.4222049
268,2.034335
269,1.9316325
270,2.2709384
271,2.3420768
272,1.825738
273,1.9015921
274,1.4447671
275,0.8785137
276,1.7883537
277,2.1202745
278,1.5747358
279,1.347567
280,1.3347702
281,1.5991218
282,1.6527312
283,1.5686738
284,1.6932137
285,1.6879995
286,1.902104
287,1.510098
288,1.5668784
289,1.864077
290,2.397354
291,1.6426715
292,1.9806509
293,2.2642553
294,1.4280832
295,1.1703651
296,1.7052995
297,1.86725
298,1.2955383
299,1.3597987
300,1.1802226
301,1.1663094
302,1.2941968
303,1.1825851
304,1.6005247
305,1.9834595
306,1.7829363
307,1.3051611
308,1.2221588
309,1.6267058
310,0.63712364
311,1.3522981
312,1.0112934
313,1.6605513
314,0.73189324
315,0.959636
316,0.92430973
317,0.98674476
318,0.702077
319,0.9367088
320,0.97724175
321,0.64425725
322,0.4123659
323,0.6797941
324,0.80910176
325,0.5461401
326,1.3852019
327,1.3000039
328,0.9274417
329,1.9303231
330,1.6207383
331,1.1953669
332,1.92848
333,0.23715258
334,0.982447
335,0.33352116
336,0.796395
337,1.5022312
338,0.9461607
339,0.48444116
340,1.7890974
341,1.418176
342,0.93691343
343,1.2471775
344,0.64651847
345,0.6600551
346,0.8887357
347,0.9138262
348,1.032005
349,0.9128281
350,0.94949305
351,1.4910724
352,1.1589571
353,0.752495
354,0.6511973
355,0.43163624
356,0.7972127
357,0.34883
358,0.71164775
359,0.57051885
360,0.4137846
361,0.7647116
362,1.0847784
363,0.5250364
364,0.15540206
365,0.5056252
366,0.61144245
367,0.9916687
368,1.4169017
369,0.57941246
370,0.5958309
371,0.42140603
372,0.3325688
373,0.4815641
374,0.5073405
375,0.8127608
376,0.5149397
377,0.35131347
378,0.46749455
379,0.8461586
380,0.6781659
381,0.41835174
382,0.5399341
383,0.805935
384,0.7401081
385,0.8509248
386,0.61920786
387,0.7459112
388,1.2380718
389,0.77092797
390,1.0715061
391,0.9605745
392,0.87814885
393,0.4798599
394,0.5391588
395,0.70783603
396,0.5866372
397,0.4920361
398,0.89719564
399,0.44760042
400,1.223538
401,0.26928502
402,0.37560534
403,0.9894475
404,0.6953652
405,0.5874081
406,0.33251125
407,0.4451934
408,0.6020845
409,0.9081218
410,1.0652848
411,0.80970436
412,0.9918834
413,0.6301654
414,0.58086455
415,0.74770236
416,0.8128429
417,0.59436154
418,0.8001351
419,1.2945166
420,0.71777475
421,0.3633479
422,0.66367215
423,0.6869936
424,0.7373848
425,1.0221422
426,0.8274382
427,0.49959815
428,0.97609735
429,0.68486214
430,0.7401994
431,0.85738087
432,1.1425925
433,1.2000248
434,0.68681544
435,0.5617453
436,0.6289914
437,0.655835
438,0.85133815
439,0.9101524
440,1.318514
441,0.67133
442,1.1343323
443,0.87877804
444,0.754858
445,0.524477
446,1.0346198
447,0.7587636
448,0.52648515
449,0.19078118
450,0.2038284
451,0.5236584
452,0.25217253
453,-0.040840734
454,0.080174096
455,0.43976897
456,0.75998646
457,0.2178747
458,0.8614809
459,0.6625893
460,0.37961587
461,1.3380184
462,0.2906446
463,0.6154616
464,0.33712146
465,0.24026373
466,0.036550753
467,0.9366712
468,1.20582
469,0.5469808
470,0.326599
471,0.2146047
472,0.30179855
473,0.54897064
474,0.32784915
475,0.35238007
476,0.8004893
477,0.93744004
478,0.68744475
479,0.54763544
480,1.3027039
481,1.0879167
482,1.2848893
483,1.3415184
484,0.9654633
485,1.2576065
486,0.87980056
487,0.7125117
488,0.66264164
489,0.6575916
490,0.60882074
491,1.1958227
492,0.36408576
493,0.6804577
494,0.8926441
495,0.9339883
496,0.95809627
497,0.51368135
498,0.4761638
499,0.7272797
500,0.47747952
501,0.2781875
502,0.5877379
503,0.56079096
504,0.36590245
