,Z_1,Z_2,Z_3,Z_4
0,1.1633672,1.3976852,-0.41361317,0.42990732
1,0.64567703,0.89451647,-0.3217418,0.17586516
2,1.1436052,1.3193277,-0.091540106,0.5562879
3,1.2167796,1.3995726,-0.049216192,0.60526854
4,-0.03814274,0.116633974,0.1492972,-0.015914854
5,0.5836644,0.77249116,0.2625937,0.3656194
6,0.6238487,0.78450626,0.23497355,0.38760486
7,1.0459931,1.2037876,0.26308504,0.6281247
8,0.17315398,0.34876803,0.32971016,0.16682017
9,1.1119426,1.3073303,0.04029518,0.5763669
10,0.7844563,0.9770261,0.37082687,0.5095581
11,1.14191,1.3530786,0.48321414,0.7332988
12,0.48480436,0.6708684,0.33182868,0.33270606
13,0.5796935,0.7545071,0.4658252,0.43171632
14,1.0523591,1.1768106,0.21865569,0.6272347
15,0.62071055,0.7287534,0.24019592,0.4103767
16,0.59070075,0.44791067,0.022179538,0.42002434
17,0.0033377472,0.021652728,0.026779087,0.026914401
18,0.16950168,0.17522663,0.112081274,0.15108208
19,0.86656713,0.79268444,0.05867089,0.5552743
20,0.43172872,0.23118092,0.13393968,0.39272043
21,0.92651254,0.7231034,0.10247877,0.65165377
22,0.8431003,0.6285899,0.17952916,0.6369483
23,1.0362465,0.9923953,0.22678967,0.6910668
24,-0.09930097,-0.19399025,0.3635149,0.13997425
25,-0.29512507,-0.33960333,0.42173514,0.034877665
26,0.83807343,0.7592405,0.1084956,0.55467755
27,0.41750365,0.22976024,-0.11265901,0.28916124
28,0.20640974,0.053382747,-0.14862332,0.14698197
29,0.5545353,0.33915418,0.027641727,0.4301688
30,0.53710496,0.4185933,0.0958326,0.40454185
31,0.47133598,0.312441,0.065262645,0.3726457
32,0.4309838,0.3877011,-0.11507168,0.24040551
33,0.47304553,0.36999914,-0.1037035,0.29560292
34,0.23888133,0.090938725,-0.39747697,0.082999565
35,-0.06105,-0.5338591,-0.805155,-0.095184654
36,-0.006671493,-0.6766927,-1.4119512,-0.20369643
37,-0.334146,-1.0309204,-1.3989795,-0.3544713
38,-0.84218234,-1.9396311,-2.3144763,-0.7727432
39,-0.5748701,-2.2896729,-1.7508976,-0.16821405
40,-0.48769128,-1.6052362,-1.7250046,-0.38455877
41,-1.5152206,-2.706019,-2.5911882,-1.1601179
42,-0.597588,-1.7839736,-1.4901296,-0.32731876
43,-0.8934559,-2.373658,-2.149805,-0.5619704
44,-2.363508,-3.93162,-3.4171631,-1.5793132
45,-4.000415,-5.156957,-3.6589987,-2.324541
46,-3.5542247,-4.771621,-3.6741533,-2.2375786
47,-3.8896828,-4.7767844,-4.381607,-2.7218435
48,-4.1887693,-5.165359,-5.0362635,-2.82785
49,-3.3688552,-5.0820723,-4.2775264,-1.9331888
50,-4.3583984,-5.4817495,-4.1895795,-2.455077
51,-4.037168,-5.270897,-3.8091,-2.2806566
52,-4.3877573,-5.455931,-5.0286574,-2.692435
53,-3.756854,-5.434668,-4.6278653,-1.9887002
54,-4.971058,-5.5568886,-4.10031,-3.0382874
55,-4.8154273,-5.5925865,-4.33922,-2.843617
56,-4.6765504,-5.443981,-3.6536915,-2.7434995
57,-4.506185,-5.3167677,-4.0097747,-2.7880006
58,-3.991663,-5.335468,-3.269206,-2.0106893
59,-4.1320615,-5.4050694,-3.4569254,-2.1181388
60,-4.4749317,-5.3602943,-3.426442,-2.564066
61,-4.4254017,-5.351067,-3.336507,-2.5013754
62,-4.164574,-5.3021398,-3.8609478,-2.3841808
63,-3.9710486,-5.1924334,-3.446489,-2.2008424
64,-4.46638,-5.390223,-3.2783654,-2.4692512
65,-4.4384766,-5.2574286,-3.0758576,-2.5601635
66,-4.405789,-5.154614,-3.4807334,-2.7115757
67,-4.0009136,-5.08349,-2.9999456,-2.2318351
68,-4.103999,-5.0754952,-3.1132872,-2.3781662
69,-3.837281,-5.0961967,-2.7348833,-1.9725593
70,-3.6216261,-4.990695,-2.6672583,-1.819794
71,-3.7660787,-5.088411,-2.8488758,-1.9302319
72,-4.2043123,-5.192669,-3.1927507,-2.394156
73,-3.5400746,-4.9273396,-2.6338305,-1.7799788
74,-4.415979,-5.2245946,-3.3126493,-2.6296244
75,-4.533945,-5.3160996,-3.419183,-2.6876462
76,-4.563614,-5.266888,-3.1643445,-2.7133262
77,-4.3850236,-5.249538,-2.854265,-2.4577115
78,-3.8571455,-5.1128087,-2.4595656,-1.8938582
79,-4.1526213,-5.117048,-2.576127,-2.2607841
80,-3.836039,-5.010196,-2.4958954,-1.9860327
81,-3.6186275,-4.7811546,-1.9965825,-1.8130693
82,-3.554958,-4.8003607,-2.0812879,-1.7531008
83,-3.318098,-4.996478,-2.086688,-1.2982736
84,-3.1001375,-4.812446,-1.8191662,-1.1598033
85,-3.8483832,-4.9421687,-2.0733118,-1.9577339
86,-3.7986987,-4.9929814,-1.9428356,-1.8174412
87,-2.889408,-4.6953034,-1.7356017,-1.0115318
88,-3.0124238,-4.6152225,-0.844961,-0.9344828
89,-4.0109262,-4.9040084,-1.0761242,-1.904287
90,-3.3407125,-4.5892158,-2.0028617,-1.6723087
91,-3.4524589,-4.8055334,-2.4526765,-1.7438546
92,-3.1938093,-4.766508,-2.1071758,-1.396387
93,-3.3240643,-4.79848,-2.2183378,-1.5606284
94,-3.3936348,-4.5299454,-2.0767229,-1.8038071
95,-3.4287903,-4.6417165,-2.132638,-1.7673837
96,-2.910956,-4.3793497,-1.6839826,-1.2763934
97,-3.1097765,-4.53459,-1.8037844,-1.4071178
98,-3.1010268,-4.513613,-1.7576845,-1.400507
99,-2.9445117,-4.3948007,-1.4529679,-1.2318553
100,-2.7789032,-4.3244486,-1.393733,-1.0846725
101,-3.4259672,-4.6588635,-1.6953912,-1.635328
102,-3.1778278,-4.487087,-1.7872391,-1.5142857
103,-2.9917862,-4.408081,-1.5188998,-1.293592
104,-2.6166136,-4.143806,-1.4796077,-1.0706229
105,-2.5530744,-3.9995236,-1.3977371,-1.070609
106,-2.2199178,-3.78142,-1.2613117,-0.8147785
107,-1.3951726,-3.170431,-1.1790392,-0.30724546
108,-1.8574061,-3.6164002,-1.9074656,-0.75937444
109,-2.8059552,-4.200687,-1.9031719,-1.340576
110,-3.0862706,-4.496444,-2.0736473,-1.4825766
111,-3.422224,-4.70992,-3.5966947,-2.1004746
112,-3.1965876,-4.7945805,-2.6352177,-1.5281483
113,-2.5987153,-4.5416265,-1.9744394,-0.90292424
114,-2.7393823,-4.522654,-2.1448822,-1.1201415
115,-3.1820545,-4.61936,-2.932406,-1.7370349
116,-2.6259322,-4.5294166,-1.9610025,-0.93366843
117,-3.3349297,-4.508816,-3.3474274,-2.0876708
118,-2.4065354,-4.261095,-2.1440852,-0.9661138
119,-2.4106686,-4.2114964,-1.9518042,-0.9440907
120,-3.1011775,-4.488662,-3.3536053,-1.8763359
121,-2.8184872,-4.6064854,-1.7979246,-1.0274544
122,-3.0209475,-4.640758,-2.97494,-1.5616431
123,-2.1481724,-4.148199,-2.6342757,-0.94720966
124,-3.2111373,-4.7906423,-1.7182026,-1.2817059
125,-2.6895564,-4.3437476,-3.0126507,-1.4602007
126,-2.3918316,-4.2686396,-1.8082547,-0.83448005
127,-2.5734355,-4.382693,-1.7425132,-0.9313418
128,-2.4149067,-4.244327,-2.2651176,-1.0284427
129,-2.9854088,-4.509379,-2.3009791,-1.434885
130,-3.1189308,-4.6581335,-2.2949514,-1.4530025
131,-2.8999574,-4.544587,-1.6915239,-1.1390809
132,-3.2135415,-4.6943636,-1.8858473,-1.4094476
133,-2.9713962,-4.52722,-1.797412,-1.2584456
134,-2.5139718,-4.2945485,-1.9935794,-1.0109013
135,-2.631234,-4.372152,-1.593641,-0.94429654
136,-2.1389005,-4.0881815,-1.8233776,-0.7121709
137,-2.7560976,-4.383171,-1.7694632,-1.1304953
138,-2.1568422,-3.997036,-1.3992656,-0.66990846
139,-2.3067946,-4.1061907,-1.560275,-0.80198014
140,-1.8342977,-3.8071864,-1.2770629,-0.4103026
141,-2.0550063,-3.9184272,-1.3369919,-0.5863118
142,-1.7007957,-3.6831107,-1.3014454,-0.36295995
143,-2.133212,-3.9654436,-1.4904792,-0.6837794
144,-1.841873,-3.7144005,-1.219725,-0.45643207
145,-2.4248025,-4.0899196,-1.7195609,-0.9838217
146,-2.0894911,-3.8278666,-1.1014334,-0.5988649
147,-3.0761106,-4.324487,-0.9979221,-1.2832376
148,-1.6004282,-3.4158442,-0.7555557,-0.23362486
149,-2.703826,-3.9843087,-0.81627595,-1.0597739
150,-1.5940341,-3.4171848,-0.6614355,-0.19056316
151,-2.2020352,-3.8584125,-0.5404188,-0.49308825
152,-3.1407611,-4.2900586,-0.7887395,-1.3000842
153,-1.4117085,-3.234018,-0.65194315,-0.11418614
154,-1.9170774,-3.5000854,-1.0533693,-0.60688347
155,-2.1573033,-3.6826022,-1.2323176,-0.8004138
156,-1.6784211,-3.3772275,-0.9964969,-0.4187229
157,-2.1766925,-3.7204368,-1.1381572,-0.7692077
158,-1.7263412,-3.4007273,-0.8299982,-0.39538565
159,-1.8438989,-3.4836938,-0.8895832,-0.4887681
160,-2.2339377,-3.6781738,-1.8591313,-1.0914184
161,-2.2782443,-3.689519,-1.8697957,-1.1336793
162,-1.7876552,-3.4496272,-0.9952588,-0.48797333
163,-2.2147615,-3.7159288,-1.3298857,-0.878456
164,-2.344648,-3.9148183,-1.5527949,-0.9672791
165,-2.4233985,-3.9610486,-1.7272105,-1.0731794
166,-2.6361914,-3.9594061,-1.5247408,-1.2241937
167,-2.7175055,-4.1202374,-1.6358175,-1.2444657
168,-1.9026837,-3.6505094,-1.458595,-0.6425407
169,-2.6062572,-4.1564603,-1.5922078,-1.089307
170,-1.8948647,-3.8520086,-1.3411508,-0.46840918
171,-2.138727,-3.8727121,-1.5784335,-0.78234917
172,-2.4757886,-4.1388907,-1.7092611,-0.9776643
173,-2.6234171,-4.1772313,-1.5661054,-1.0737739
174,-2.267445,-3.9933448,-1.6087421,-0.84116244
175,-2.1385381,-3.8350303,-1.2811513,-0.7030594
176,-2.321169,-3.8713129,-1.524626,-0.9463232
177,-2.1954129,-3.8917916,-1.2640675,-0.71286476
178,-2.2737856,-3.9090254,-1.5553523,-0.90717417
179,-1.5865904,-3.5159204,-1.360652,-0.36666816
180,-2.5416272,-4.1153584,-1.727637,-1.0744189
181,-2.2864351,-4.151504,-1.3759804,-0.6883662
182,-3.1239986,-4.5667934,-1.9192967,-1.472271
183,-3.034102,-4.6171737,-2.1673884,-1.3618698
184,-2.8012726,-4.5297756,-2.3032475,-1.2266389
185,-3.1530666,-4.699281,-2.1379247,-1.4203482
186,-2.777859,-4.3722363,-1.956694,-1.2156069
187,-3.242755,-4.691507,-2.1161833,-1.5193343
188,-3.2512505,-4.6748996,-2.0376482,-1.5205028
189,-2.8260925,-4.698479,-1.7085081,-0.9235846
190,-3.2982347,-4.913688,-1.6332394,-1.2295201
191,-2.9052093,-4.6426973,-1.5133325,-0.9973046
192,-2.8269134,-4.546801,-2.1690621,-1.1988217
193,-2.956618,-4.6266737,-1.8108871,-1.1651005
194,-2.6399584,-4.4653172,-1.9406333,-0.9903412
195,-2.5375428,-4.555781,-1.794252,-0.76388234
196,-2.7913165,-4.61205,-1.8872241,-1.0134488
197,-2.866552,-4.64594,-2.18791,-1.1578218
198,-2.6292996,-4.505529,-2.2459486,-1.0387652
199,-2.409557,-4.4593263,-1.9630426,-0.7583482
200,-2.8330436,-4.595013,-2.215237,-1.176288
201,-2.9339795,-4.712402,-2.0430262,-1.1312366
202,-3.2100167,-4.7900753,-1.8564081,-1.3081036
203,-3.2326005,-4.790035,-2.0216572,-1.3757735
204,-2.4778843,-4.466891,-1.7550591,-0.76196724
205,-2.857448,-4.6077256,-1.9256845,-1.1029992
206,-2.6425,-4.661639,-2.1085455,-0.8872045
207,-3.4091787,-4.9209614,-2.2281811,-1.5180209
208,-2.8876028,-4.863424,-2.520513,-1.0969185
209,-2.7333057,-4.6785083,-2.3879182,-1.0579318
210,-2.620792,-4.6973267,-2.3023815,-0.89815676
211,-2.222194,-4.4185233,-1.9956491,-0.61580443
212,-3.271926,-4.799584,-2.1726685,-1.4652297
213,-2.7471595,-4.490495,-2.0947733,-1.1271538
214,-2.311203,-4.2387094,-2.0661428,-0.8564512
215,-3.3514028,-4.665116,-1.5472369,-1.4525167
216,-1.96959,-3.7050023,-2.1847217,-0.90936977
217,-1.8536274,-3.884804,-1.1404885,-0.32978192
218,-2.1558266,-4.09268,-1.4812598,-0.6150088
219,-2.132951,-4.107113,-1.3703563,-0.5426174
220,-2.2936854,-4.0793986,-1.651066,-0.8160425
221,-1.7238861,-3.7445455,-1.1419698,-0.289615
222,-1.9726241,-3.9065087,-1.3564339,-0.5050184
223,-2.746107,-4.2561646,-2.0846937,-1.3001189
224,-2.274534,-4.0889325,-1.5028669,-0.74728984
225,-2.4193976,-4.1661215,-1.8492752,-0.96236145
226,-1.9850339,-3.939253,-1.4388021,-0.53146386
227,-2.3153942,-4.142782,-1.4435852,-0.73891145
228,-2.3023467,-4.1865025,-1.6966069,-0.7696489
229,-2.192968,-4.1634493,-1.4032743,-0.5782278
230,-2.2689383,-4.326153,-1.4634818,-0.5536874
231,-2.5575073,-4.4217978,-1.7640929,-0.89031225
232,-2.5330038,-4.3480244,-1.862963,-0.95339674
233,-2.1259825,-4.1767354,-1.3203174,-0.46929708
234,-2.043565,-3.9960785,-1.3850148,-0.5332502
235,-2.1500454,-4.1223087,-1.4325058,-0.57022536
236,-2.5162673,-4.2408566,-1.7311198,-0.95989484
237,-2.6424656,-4.323961,-1.9367906,-1.0966984
238,-2.054973,-4.0475945,-1.4895698,-0.5443917
239,-2.328071,-4.191435,-1.5665184,-0.7451149
240,-2.6324198,-4.312887,-1.8534276,-1.0666574
241,-2.0812082,-4.1476946,-1.292914,-0.4340777
242,-2.782218,-4.4009213,-2.050512,-1.2195154
243,-2.2321415,-4.1934285,-1.5814607,-0.6546573
244,-2.5766609,-4.365732,-1.8278494,-0.96678334
245,-2.4138975,-4.3511987,-1.5926261,-0.732115
246,-2.8898091,-4.6072173,-1.5811043,-1.0355694
247,-2.7488985,-4.525164,-1.5093988,-0.92704254
248,-2.4738832,-4.4284916,-1.4239184,-0.68573093
249,-2.4762766,-4.41546,-1.3591645,-0.6699882
250,-2.9056814,-4.5746446,-1.2869662,-0.98838425
251,-2.9900591,-4.60442,-1.446483,-1.110843
252,-2.4114895,-4.369732,-1.3285743,-0.62974185
253,-2.4419703,-4.424423,-1.4803234,-0.66599905
254,-2.5259433,-4.376094,-1.5279546,-0.8050771
255,-2.278837,-4.212174,-1.1822053,-0.55819
256,-1.9241525,-3.9661338,-1.1123967,-0.338225
257,-2.4501886,-4.219582,-1.0830523,-0.700156
258,-1.8716859,-3.8324027,-1.8238207,-0.60043746
259,-2.3561661,-4.0829606,-1.5681313,-0.8519015
260,-2.645514,-4.234913,-1.3812351,-0.9939526
261,-2.1378286,-3.956252,-1.3825653,-0.658688
262,-2.0961962,-3.9572053,-1.5469073,-0.6583554
263,-1.9375346,-3.7891376,-1.3933017,-0.5653597
264,-1.8352236,-3.7409773,-1.47004,-0.5111119
265,-2.4275312,-4.0913053,-1.4954942,-0.9012153
266,-2.4240422,-4.1180396,-1.355224,-0.8400614
267,-1.9248543,-3.943119,-1.4653543,-0.48094112
268,-2.7516925,-4.3481264,-1.8559132,-1.1892769
269,-2.4625847,-4.40256,-2.0095425,-0.8744247
270,-3.3262417,-4.65092,-1.4376652,-1.4348003
271,-3.2274659,-4.6765656,-1.9196032,-1.4563347
272,-2.375229,-4.2830205,-1.86293,-0.8388777
273,-2.9507751,-4.493993,-1.1947538,-1.0762706
274,-2.2371628,-4.079767,-1.1440365,-0.59235096
275,-1.2524153,-3.2964005,-0.89925575,-0.004291441
276,-2.7887745,-4.2389574,-1.2066216,-1.0766947
277,-3.2340405,-4.236862,-1.0921026,-1.4943681
278,-2.0100064,-3.7631345,-1.7565576,-0.78205794
279,-1.7674314,-3.6348,-1.4688659,-0.5198362
280,-1.7442977,-3.646207,-1.4444171,-0.47753873
281,-2.146435,-3.8732169,-1.5675389,-0.7889225
282,-2.3043668,-3.9589128,-1.466594,-0.85335356
283,-2.051736,-3.7967486,-1.5686352,-0.7421183
284,-2.1658027,-3.8664088,-1.821563,-0.901347
285,-2.1592815,-3.7886243,-1.7890816,-0.9333529
286,-2.3448126,-3.830967,-2.060096,-1.1808466
287,-1.807418,-3.5687923,-1.8200716,-0.7144271
288,-1.9685299,-3.6425276,-1.7353894,-0.80658805
289,-2.371604,-3.8634114,-1.9185673,-1.150564
290,-2.9671106,-4.158769,-2.543736,-1.761926
291,-2.0166276,-3.6381047,-1.8067294,-0.88008046
292,-2.5658607,-3.894015,-1.8868558,-1.3011713
293,-2.9661424,-4.1126094,-2.133929,-1.6536571
294,-1.6038803,-3.4140837,-1.7532841,-0.57836187
295,-1.5619763,-3.3986979,-1.1217139,-0.33505777
296,-2.0141604,-3.5999107,-1.8137468,-0.893318
297,-2.4423354,-3.7677112,-1.72206,-1.2009555
298,-1.4849652,-3.1912832,-1.6286322,-0.5453811
299,-1.7621865,-3.3897333,-1.3455881,-0.6151493
300,-1.3042557,-3.0186274,-1.4581991,-0.39311895
301,-1.4091773,-3.1509492,-1.3703475,-0.40026766
302,-1.4625423,-3.16256,-1.5925623,-0.5301126
303,-1.307475,-3.0691013,-1.5534561,-0.41215348
304,-1.526654,-3.0873973,-2.479558,-0.9333078
305,-2.2949774,-3.5653868,-2.294218,-1.3603727
306,-2.4216683,-3.73595,-1.6186742,-1.1654705
307,-1.2646652,-2.8360922,-2.0339692,-0.65672326
308,-1.5931475,-3.1653335,-1.2498351,-0.54569185
309,-1.9114676,-3.324665,-1.9425374,-0.9910878
310,-0.6907866,-2.5823007,-0.96513426,0.14706147
311,-1.7748561,-3.4914331,-1.3234583,-0.5581316
312,-1.3058593,-2.9095342,-1.1100813,-0.3603991
313,-2.0542939,-3.3129218,-1.7982777,-1.1158094
314,-1.0794976,-2.7662528,-0.8776099,-0.11344709
315,-1.250768,-2.890988,-1.2311776,-0.34901613
316,-1.2469652,-2.817893,-1.102555,-0.33100712
317,-1.3249742,-2.8359745,-1.1601311,-0.4145293
318,-1.0099922,-2.6237428,-0.86170596,-0.10263325
319,-1.3045397,-2.7934468,-1.0992093,-0.3891317
320,-1.353979,-2.6917436,-1.0675827,-0.47113988
321,-0.8197874,-2.2905986,-1.0237681,-0.12782675
322,-0.3331793,-1.8191692,-0.96843296,0.13439874
323,-0.7551043,-2.2175407,-1.2712544,-0.18136589
324,-1.2436401,-2.6111236,-0.9180897,-0.34765536
325,-0.69985175,-2.2142,-1.1745511,-0.09011247
326,-1.7184674,-2.7887516,-1.6246687,-0.97449803
327,-1.3541831,-2.3719838,-1.9864314,-0.93767995
328,-1.131154,-2.5988388,-1.2269194,-0.37106082
329,-3.1482604,-3.744511,-0.57880956,-1.5971429
330,-2.6711524,-3.5178773,-0.7236377,-1.2621346
331,-1.9032291,-3.036062,-0.74377584,-0.74130505
332,-3.3161938,-3.8123465,-0.15462297,-1.617297
333,-0.0976622,-1.3422279,-0.7770199,0.21816617
334,-1.636627,-2.765545,-0.5477254,-0.541118
335,-0.15998213,-1.3619152,-1.0705417,0.080599725
336,-1.239124,-2.3902237,-0.5474011,-0.36331275
337,-2.55904,-3.2037256,-0.2764482,-1.1975628
338,-1.2202905,-2.0406554,-0.81737167,-0.5664797
339,-0.31106582,-1.440332,-1.5870419,-0.19776876
340,-2.239725,-2.6195424,-1.7640227,-1.6081146
341,-1.5088246,-2.5818987,-1.8063072,-0.95984834
342,-1.1368425,-2.8331544,-1.2065289,-0.24131629
343,-1.4241973,-2.8531215,-1.5743482,-0.64385927
344,-0.7424941,-2.1672738,-0.8590408,-0.0642517
345,-0.6569979,-2.0180638,-0.99962366,-0.09479133
346,-0.9597472,-2.2352693,-1.2701378,-0.38402084
347,-0.95995665,-2.3638213,-1.2603531,-0.32550964
348,-1.1497563,-2.3301275,-1.4406892,-0.58476603
349,-1.0314654,-2.2452786,-1.3147327,-0.47898242
350,-1.0928825,-2.1962097,-1.3660159,-0.5700596
351,-1.5845616,-2.5769494,-1.9993663,-1.0580505
352,-1.4051151,-2.4398184,-1.2965353,-0.75032675
353,-0.99001753,-2.2026553,-0.8477118,-0.27853492
354,-0.94129163,-2.0884717,-0.6329923,-0.21819548
355,-0.48477262,-1.6408703,-0.6676842,0.011580929
356,-0.99380535,-2.0652962,-0.8357908,-0.36581638
357,-0.3679804,-1.5815437,-0.61138105,0.118784636
358,-1.0423863,-2.0747988,-0.56461394,-0.2905217
359,-0.8250069,-1.9080818,-0.61046576,-0.17410462
360,-0.5776544,-1.6234795,-0.56611866,-0.043091435
361,-1.1097933,-2.1507065,-0.80118555,-0.40035585
362,-1.334154,-2.069062,-1.294371,-0.81640685
363,-0.74561876,-1.7506639,-0.53194666,-0.14508238
364,-0.24086176,-1.313398,-0.2911845,0.23094863
365,-0.6111655,-1.5595247,-0.6746953,-0.14300656
366,-0.79771024,-1.8266091,-0.69782746,-0.21253921
367,-1.464975,-2.6416626,-0.8947032,-0.54937065
368,-1.6424516,-2.5490625,-1.5418369,-1.0165844
369,-0.82951707,-2.001152,-0.5341912,-0.1199837
370,-0.876902,-2.0213795,-0.5786112,-0.1687174
371,-0.5261902,-1.6730132,-0.5978114,0.009222606
372,-0.4680882,-1.6113302,-0.45948604,0.09045722
373,-0.8331888,-1.9535838,-0.4143126,-0.09273946
374,-0.74017876,-1.9216181,-0.54467237,-0.06551689
375,-1.2908762,-2.4274673,-0.5961865,-0.3939582
376,-0.7848023,-1.9755222,-0.5238349,-0.06989656
377,-0.3275354,-1.4142084,-0.62147176,0.0783055
378,-0.7808416,-1.9920685,-0.51945215,-0.06167317
379,-1.2662349,-2.4042614,-0.73362607,-0.4224609
380,-0.7925069,-2.020147,-1.05741,-0.24313505
381,-0.43885383,-1.781616,-0.79560083,0.08144423
382,-0.81383556,-2.1032786,-0.69647914,-0.09614261
383,-1.124396,-2.2624626,-0.953818,-0.417881
384,-1.023444,-2.198302,-0.9397819,-0.34108436
385,-1.3034366,-2.4324634,-0.7723386,-0.44715297
386,-1.0039318,-2.2904794,-0.7252964,-0.2092631
387,-1.2442902,-2.6201365,-0.74327,-0.29078877
388,-1.4302012,-2.6901107,-1.5039958,-0.70354176
389,-0.82675344,-2.18241,-1.3501532,-0.2903433
390,-1.3407528,-2.5286589,-1.4649892,-0.66424376
391,-1.2685845,-2.476948,-1.1359644,-0.51802826
392,-1.2178833,-2.4402182,-0.9618848,-0.42658588
393,-0.8356757,-2.3135614,-0.58387077,0.01648188
394,-0.8257445,-2.2922277,-0.7290637,-0.038136877
395,-1.1708465,-2.5375063,-0.6642448,-0.23238431
396,-0.61388505,-1.826555,-1.2226263,-0.18998782
397,-0.8008143,-2.1156845,-0.60321766,-0.04567797
398,-1.5172083,-2.7017848,-0.6685191,-0.5047096
399,-0.84123015,-2.1185212,-0.40322176,-0.024317814
400,-1.9186078,-2.9276838,-0.83627975,-0.8512869
401,-0.6104383,-1.9543837,-0.2993377,0.16353929
402,-0.6431528,-1.8334192,-0.6134194,-0.010137768
403,-1.7948177,-2.792204,-0.4223889,-0.6407761
404,-0.9038519,-1.7852182,-0.83163023,-0.37145787
405,-1.5203571,-2.5701377,0.34378666,-0.20084336
406,-0.52235126,-1.4652175,-0.3756385,-0.0022008554
407,-0.6458718,-1.5734015,-0.47838268,-0.10972387
408,-0.8176469,-1.7782599,-0.6994775,-0.2635841
409,-1.007931,-1.9809456,-1.1686549,-0.50903326
410,-1.494004,-2.5406182,-1.1071415,-0.70035106
411,-1.0479755,-2.3488305,-0.9692788,-0.31449568
412,-1.2202427,-2.2854402,-1.2013973,-0.5974414
413,-0.94657457,-2.0097907,-0.59981346,-0.25166258
414,-0.9618133,-2.0569875,-0.47699666,-0.20144832
415,-1.0514023,-1.9997029,-0.72758394,-0.4059532
416,-1.1946669,-2.2591913,-0.78800094,-0.44239357
417,-1.0883497,-2.1626306,-0.41443497,-0.24787629
418,-1.3258258,-2.5151815,-0.68150556,-0.40369323
419,-1.8140913,-2.6808238,-1.2582438,-1.0045139
420,-0.9871554,-2.184457,-0.96668875,-0.3174516
421,-0.5389933,-1.6984702,-0.4084588,0.07751823
422,-0.9112047,-1.8441004,-0.6881292,-0.31585303
423,-0.81828076,-1.7394271,-0.8482799,-0.32839143
424,-0.9212577,-1.9530283,-0.90639216,-0.3517931
425,-0.9842827,-2.0611522,-1.4884874,-0.54602677
426,-1.3106537,-2.5882137,-0.85442024,-0.40826884
427,-0.5402418,-1.6083709,-0.77423584,-0.095594555
428,-1.0387615,-2.0065415,-1.3054364,-0.5732676
429,-0.7679864,-1.7867783,-0.9376125,-0.29081196
430,-0.81818414,-1.828906,-1.0217361,-0.35070068
431,-0.93087256,-1.9905328,-1.1745043,-0.43839443
432,-1.2923149,-2.5306158,-1.4268136,-0.6261964
433,-1.3953135,-2.4982667,-1.4802557,-0.75621694
434,-0.8989783,-2.0240035,-0.82791454,-0.2716291
435,-0.56556505,-1.5268177,-0.9322467,-0.20519845
436,-0.70676655,-1.6800787,-0.93533087,-0.27924478
437,-0.7765645,-1.7955456,-0.9708369,-0.3005156
438,-0.9333411,-1.9710083,-1.1364369,-0.43721595
439,-0.9101847,-1.8821155,-1.3820975,-0.53313446
440,-1.1335467,-1.9362547,-2.1774259,-0.9870338
441,-0.52712613,-1.5003048,-1.2794284,-0.2962064
442,-1.3524042,-2.338863,-1.2785901,-0.73486537
443,-0.8608899,-1.781739,-1.294849,-0.5025267
444,-0.5957883,-1.7249566,-1.4934239,-0.33348906
445,-0.434107,-1.5054361,-1.1703727,-0.15296489
446,-1.1377003,-2.0102913,-1.4612386,-0.7003979
447,-0.818723,-1.8146933,-1.0537952,-0.35834637
448,-0.5775022,-1.7136104,-0.8268042,-0.08616514
449,-0.04387277,-1.0825431,-0.6732113,0.19720593
450,-0.12685075,-1.0214123,-0.55945593,0.13470288
451,-0.6341183,-1.3221859,-0.6103151,-0.23501347
452,-0.30325708,-1.19538,-0.4838326,0.062519506
453,0.04328215,-0.8825717,-0.1868994,0.36258388
454,-0.2677824,-1.3237557,-0.1831668,0.25978708
455,-0.64562035,-1.5362197,-0.41874063,-0.0922483
456,-1.1576378,-1.9054613,-0.48460758,-0.47204012
457,-0.42795,-1.4617771,-0.2427911,0.14351837
458,-1.3997744,-2.1858687,-0.48445675,-0.57236993
459,-1.0790745,-1.998039,-0.38081968,-0.29659113
460,-0.49586645,-1.5397551,-0.61027044,-0.011420591
461,-2.1134274,-2.5376005,-0.5449993,-1.151247
462,-0.44854787,-1.320118,-0.3510837,0.016191864
463,-1.3022004,-2.2502866,-0.022224372,-0.28012317
464,-0.89287287,-1.930778,0.10737394,0.014511557
465,-0.76565605,-1.7980016,0.17988443,0.11033873
466,-0.3312705,-1.4602661,0.035298504,0.33424965
467,-2.1504364,-2.9769547,0.51831776,-0.6210858
468,-1.4665197,-1.9848175,-1.4672565,-1.0270008
469,-0.80335814,-1.6956815,-0.48679894,-0.21311775
470,-0.5521721,-1.4231701,-0.23187524,0.0060700243
471,-0.37445426,-1.2764119,-0.23325396,0.11767767
472,-0.45212027,-1.4661013,-0.34066698,0.07161595
473,-0.6709877,-1.3759053,-0.62890506,-0.27042976
474,-0.5751979,-1.4603009,-0.26208818,-0.014151944
475,-0.5758384,-1.501775,-0.31370726,-0.016225373
476,-0.88761944,-1.8916475,-1.0895606,-0.406658
477,-1.1926395,-2.1540418,-1.0414687,-0.57874805
478,-0.81833977,-1.8307639,-0.8548458,-0.2964037
479,-0.7120675,-1.8029532,-0.6532004,-0.13116904
480,-1.5137615,-2.9263675,-1.6013651,-0.7091161
481,-1.372087,-2.5471914,-1.2398839,-0.63884234
482,-1.5975322,-2.897193,-1.4120743,-0.7425981
483,-1.6475995,-3.0075858,-1.4981714,-0.7689722
484,-0.9988149,-2.4251258,-1.358924,-0.36915997
485,-1.3823048,-2.6912048,-1.5583802,-0.69117385
486,-1.0273314,-2.295341,-1.1657295,-0.38826263
487,-0.87188625,-1.9825472,-0.94350624,-0.30840006
488,-0.79671603,-1.8848326,-0.9053367,-0.2617204
489,-0.7630856,-1.8164926,-0.89125437,-0.25318715
490,-0.7693379,-1.6815617,-0.75497895,-0.26823235
491,-1.466254,-2.3175237,-1.1890496,-0.7967181
492,-0.3148659,-1.4342074,-0.768784,0.048344176
493,-0.6500634,-1.6454264,-1.0864519,-0.28172174
494,-0.9515996,-1.9716188,-1.2316464,-0.48101807
495,-1.1084731,-2.180573,-1.2101016,-0.5303827
496,-1.0814474,-2.1449037,-1.2038003,-0.525109
497,-0.57396734,-1.5998355,-0.83156025,-0.15029216
498,-0.6093335,-1.5540386,-0.66993195,-0.1466947
499,-0.88887507,-1.6828274,-0.9480144,-0.4504807
500,-0.6904854,-1.6605054,-0.6114189,-0.15064134
501,-0.36035547,-1.3329023,-0.5888903,0.02826102
502,-0.8044451,-1.6469841,-0.7151409,-0.3064265
503,-0.90591544,-1.8648548,-0.52239484,-0.23872623
504,-0.30344856,-1.1375915,-0.8665885,-0.094050586
